#-- forward hits sorted by %sim
0 0 0
0 0 0


4123339 4123339 58.9147286821705
4123467 4123467 58.9147286821705


854935 854935 61.8357487922705
855141 855141 61.8357487922705


5465164 5465164 63.2352941176471
5465299 5465299 63.2352941176471


4859185 4859185 63.2911392405063
4859342 4859342 63.2911392405063


2535994 2942498 65.0793650793651
2536182 2942682 65.0793650793651


2942498 2535994 65.0793650793651
2942682 2536182 65.0793650793651


2535993 2535993 67.3684210526316
2536182 2536182 67.3684210526316


3963862 3963862 67.4418604651163
3964119 3964119 67.4418604651163


657715 657715 69.1943127962085
657925 657925 69.1943127962085


5036444 5036444 70.8860759493671
5036759 5036759 70.8860759493671


906885 906885 71.5867158671587
907155 907155 71.5867158671587


668444 671199 71.7703349282297
668850 671609 71.7703349282297


671199 668444 71.7703349282297
671609 668850 71.7703349282297


155547 155547 71.7770034843206
155833 155833 71.7770034843206


2814726 2814726 71.875
2815013 2815013 71.875


4574510 4574510 72.0588235294118
4574713 4574713 72.0588235294118


33954 33954 72.2222222222222
34205 34205 72.2222222222222


4741716 4741716 72.419627749577
4742306 4742306 72.419627749577


4666002 4666002 73.7864077669903
4666310 4666310 73.7864077669903


2133634 2429553 73.8351254480287
2133900 2429830 73.8351254480287


3896570 3896570 73.992673992674
3896842 3896842 73.992673992674


104469 104469 74.0072202166065
105299 105299 74.0072202166065


2732529 2486262 74.8373101952278
2732977 2486719 74.8373101952278


1327336 1327336 75
1327647 1327647 75


2236392 2236392 75.7009345794392
2236712 2236712 75.7009345794392


4081904 5316118 75.8241758241758
4082258 5316481 75.8241758241758


5316118 4081904 75.8241758241758
5316481 4082258 75.8241758241758


2645448 2981546 76.0869565217391
2645907 2981917 76.0869565217391


2981546 2645448 76.0869565217391
2981917 2645907 76.0869565217391


2493013 2774526 76.4705882352941
2493386 2774878 76.4705882352941


2774526 2493013 76.4705882352941
2774878 2493386 76.4705882352941


2300501 2981603 76.5656565656566
2300994 2982005 76.5656565656566


2981603 2300501 76.5656565656566
2982005 2300994 76.5656565656566


4940357 4940357 76.7080745341615
4940678 4940678 76.7080745341615


2489050 2790137 77.088948787062
2489774 2790858 77.088948787062


2790137 2489050 77.088948787062
2790858 2489774 77.088948787062


2041502 2292637 77.1004942339374
2042105 2293199 77.1004942339374


2292637 2041502 77.1004942339374
2293199 2042105 77.1004942339374


3224437 3290950 77.2946859903382
3224642 3291153 77.2946859903382


3290950 3224437 77.2946859903382
3291153 3224642 77.2946859903382


5497477 5497477 77.5423728813559
5497948 5497948 77.5423728813559


755901 755901 77.7408637873754
756201 756201 77.7408637873754


2292685 2790229 78.1102362204724
2293275 2790858 78.1102362204724


2790229 2292685 78.1102362204724
2790858 2293275 78.1102362204724


3211325 3211325 78.2234957020057
3211673 3211673 78.2234957020057


2292703 2429553 78.2820097244733
2293275 2430165 78.2820097244733


2429553 2292703 78.2820097244733
2430165 2293275 78.2820097244733


3258544 3258544 78.2857142857143
3258893 3258893 78.2857142857143


2492712 2952411 78.2894736842105
2493015 2952713 78.2894736842105


2952411 2492712 78.2894736842105
2952713 2493015 78.2894736842105


2001729 2292637 78.2991202346041
2002406 2293275 78.2991202346041


2292637 2001729 78.2991202346041
2293275 2002406 78.2991202346041


2774330 2790121 78.3928571428571
2774867 2790664 78.3928571428571


2790121 2774330 78.3928571428571
2790664 2774867 78.3928571428571


1634476 1634476 78.6096256684492
1634849 1634849 78.6096256684492


2292406 2341482 78.619153674833
2293261 2342378 78.619153674833


2341482 2292406 78.619153674833
2342378 2293261 78.619153674833


1845872 1855198 78.7292817679558
1846233 1855558 78.7292817679558


1855198 1845872 78.7292817679558
1855558 1846233 78.7292817679558


1951390 2794660 78.75
1951781 2795053 78.75


2314854 2439713 78.75
2315711 2440556 78.75


2439713 2314854 78.75
2440556 2315711 78.75


2794660 1951390 78.75
2795053 1951781 78.75


2438491 2732529 78.7610619469027
2438941 2732977 78.7610619469027


2732529 2438491 78.7610619469027
2732977 2438941 78.7610619469027


2429557 2489179 78.7928221859706
2430165 2489774 78.7928221859706


2489179 2429557 78.7928221859706
2489774 2430165 78.7928221859706


2199397 2429557 78.8025889967638
2199998 2430165 78.8025889967638


2429557 2199397 78.8025889967638
2430165 2199998 78.8025889967638


4837082 4837082 78.9137380191693
4837394 4837394 78.9137380191693


4425620 4425620 78.939617083947
4426298 4426298 78.939617083947


2207846 2794676 78.9617486338798
2208202 2795039 78.9617486338798


2794676 2207846 78.9617486338798
2795039 2208202 78.9617486338798


4550777 4550777 79.0625
4551096 4551096 79.0625


2429378 2774255 79.0697674418605
2429981 2774878 79.0697674418605


2774255 2429378 79.0697674418605
2774878 2429981 79.0697674418605


2794660 2830477 79.1044776119403
2795055 2830866 79.1044776119403


2830477 2794660 79.1044776119403
2830866 2795055 79.1044776119403


2090900 2836234 79.1208791208791
2091352 2836688 79.1208791208791


2836234 2090900 79.1208791208791
2836688 2091352 79.1208791208791


4645643 4662398 79.1808873720137
4645934 4662690 79.1808873720137


4662398 4645643 79.1808873720137
4662690 4645934 79.1808873720137


1801621 1801621 79.2713567839196
1802416 1802416 79.2713567839196


2292403 2485811 79.6479647964797
2293267 2486714 79.6479647964797


2485811 2292403 79.6479647964797
2486714 2293267 79.6479647964797


2292406 2867764 79.8687089715536
2293275 2868671 79.8687089715536


2867764 2292406 79.8687089715536
2868671 2293275 79.8687089715536


1625200 1625200 79.9031476997579
1625612 1625612 79.9031476997579


2101714 2292406 80
2102628 2293275 80


2292406 2101714 80
2293275 2102628 80


4243603 4539718 80.0256081946223
4244377 4540405 80.0256081946223


4539718 4243603 80.0256081946223
4540405 4244377 80.0256081946223


2041680 2955793 80.046403712297
2042105 2956223 80.046403712297


2955793 2041680 80.046403712297
2956223 2042105 80.046403712297


2028243 2312597 80.2083333333333
2028434 2312788 80.2083333333333


2312597 2028243 80.2083333333333
2312788 2028434 80.2083333333333


4461787 4461787 80.3191489361702
4461974 4461974 80.3191489361702


2292406 2379850 80.351262349067
2293275 2380754 80.351262349067


2379850 2292406 80.351262349067
2380754 2293275 80.351262349067


107762 107762 80.7460890493381
108592 108592 80.7460890493381


2341888 2955790 80.8467741935484
2342378 2956285 80.8467741935484


2955790 2341888 80.8467741935484
2956285 2342378 80.8467741935484


4545172 4628103 80.8823529411765
4545443 4628372 80.8823529411765


4628103 4545172 80.8823529411765
4628372 4545443 80.8823529411765


1562997 2300057 80.8988764044944
1563438 2300498 80.8988764044944


2300057 1562997 80.8988764044944
2300498 1563438 80.8988764044944


2794663 2398117 80.8988764044944
2795940 2399438 80.8988764044944


662396 662396 80.9018567639257
663149 663149 80.9018567639257


1558718 2300057 81.0747663551402
1559142 2300481 81.0747663551402


2300057 1558718 81.0747663551402
2300481 1559142 81.0747663551402


1283335 1316394 81.0786106032907
1284381 1317458 81.0786106032907


2942498 2942498 81.1074918566775
2942804 2942804 81.1074918566775


4310962 4310962 81.2413793103448
4311686 4311686 81.2413793103448


2341639 2790122 81.3765182186235
2342378 2790846 81.3765182186235


2790122 2341639 81.3765182186235
2790846 2342378 81.3765182186235


2090974 2712038 81.5347721822542
2091795 2712870 81.5347721822542


2712038 2090974 81.5347721822542
2712870 2091795 81.5347721822542


2094684 2439688 81.5450643776824
2095572 2440590 81.5450643776824


2439688 2094684 81.5450643776824
2440590 2095572 81.5450643776824


2001904 2955790 81.5985130111524
2002436 2956327 81.5985130111524


2955790 2001904 81.5985130111524
2956327 2002436 81.5985130111524


4717386 4717386 81.6831683168317
4717789 4717789 81.6831683168317


2522326 2716448 81.7080557238038
2523934 2718076 81.7080557238038


2716448 2522326 81.7080557238038
2718076 2523934 81.7080557238038


2268991 2794660 81.7774458551158
2270317 2795940 81.7774458551158


2794660 2268991 81.7774458551158
2795940 2270317 81.7774458551158


2271698 2830098 81.8430034129693
2273142 2831492 81.8430034129693


2830098 2271698 81.8430034129693
2831492 2273142 81.8430034129693


2315114 2398020 81.9397993311037
2315711 2398616 81.9397993311037


2398020 2315114 81.9397993311037
2398616 2315711 81.9397993311037


2589238 2794660 81.9644369178662
2590407 2795783 81.9644369178662


2794660 2589238 81.9644369178662
2795783 2590407 81.9644369178662


2028243 2712671 82
2028434 2712870 82


2341563 2429378 82.1078431372549
2342378 2430152 82.1078431372549


2429378 2341563 82.1078431372549
2430152 2342378 82.1078431372549


2419656 2794660 82.183908045977
2420688 2795651 82.183908045977


2794660 2419656 82.183908045977
2795651 2420688 82.183908045977


2312580 2375256 82.2727272727273
2312799 2375475 82.2727272727273


2375256 2312580 82.2727272727273
2375475 2312799 82.2727272727273


2198033 2866715 82.3323323323323
2199998 2868671 82.3323323323323


2866715 2198033 82.3323323323323
2868671 2199998 82.3323323323323


2312580 2786084 82.3788546255507
2312806 2786305 82.3788546255507


2786084 2312580 82.3788546255507
2786305 2312806 82.3788546255507


1855191 1855191 82.3848238482385
1855559 1855559 82.3848238482385


2641856 2790137 82.4324324324324
2642577 2790858 82.4324324324324


2790137 2641856 82.4324324324324
2790858 2642577 82.4324324324324


1951214 2381682 82.4451410658307
1951843 2382288 82.4451410658307


2381682 1951214 82.4451410658307
2382288 1951843 82.4451410658307


2489780 2981269 82.487922705314
2490606 2982005 82.487922705314


2981269 2489780 82.487922705314
2982005 2490606 82.487922705314


2439714 2715761 82.4945295404814
2440590 2716653 82.4945295404814


2715761 2439714 82.4945295404814
2716653 2440590 82.4945295404814


1951243 1984096 82.516339869281
1951843 1984694 82.516339869281


1984096 1951243 82.516339869281
1984694 1951843 82.516339869281


2486219 2955790 82.5278810408922
2486749 2956327 82.5278810408922


2955790 2486219 82.5278810408922
2956327 2486749 82.5278810408922


2640425 2772915 82.5935162094763
2642402 2774883 82.5935162094763


2772915 2640425 82.5935162094763
2774883 2642402 82.5935162094763


5186273 5186273 82.5974025974026
5186657 5186657 82.5974025974026


2090900 2374660 82.6086956521739
2091496 2375256 82.6086956521739


2374660 2090900 82.6086956521739
2375256 2091496 82.6086956521739


1193103 1193103 82.6219512195122
1193430 1193430 82.6219512195122


1951214 2908190 82.648401826484
1951843 2908828 82.648401826484


2908190 1951214 82.648401826484
2908828 1951843 82.648401826484


1845871 1845871 82.6666666666667
1846245 1846245 82.6666666666667


2383784 2981269 82.7085852478839
2384608 2982005 82.7085852478839


2981269 2383784 82.7085852478839
2982005 2384608 82.7085852478839


2485292 2488356 82.7298050139276
2486719 2489774 82.7298050139276


2488356 2485292 82.7298050139276
2489774 2486719 82.7298050139276


2198033 2716104 82.7586206896552
2199998 2718076 82.7586206896552


2716104 2198033 82.7586206896552
2718076 2199998 82.7586206896552


1422190 1422190 82.7993254637437
1422782 1422782 82.7993254637437


2831900 2955793 82.803738317757
2832428 2956327 82.803738317757


2955793 2831900 82.803738317757
2956327 2832428 82.803738317757


2794666 2833517 82.824427480916
2794927 2833777 82.824427480916


2833517 2794666 82.824427480916
2833777 2794927 82.824427480916


1947030 2981269 82.8502415458937
1947857 2982005 82.8502415458937


2981269 1947030 82.8502415458937
2982005 1947857 82.8502415458937


2719257 2794660 82.8571428571429
2719921 2795284 82.8571428571429


2794660 2719257 82.8571428571429
2795284 2719921 82.8571428571429


2380256 2955790 82.8996282527881
2380784 2956327 82.8996282527881


2955790 2380256 82.8996282527881
2956327 2380784 82.8996282527881


2715761 2833152 82.9153605015674
2716376 2833777 82.9153605015674


2833152 2715761 82.9153605015674
2833777 2716376 82.9153605015674


2094680 2833121 83.030303030303
2095294 2833776 83.030303030303


2833121 2094680 83.030303030303
2833776 2095294 83.030303030303


2487440 2830098 83.0522765598651
2489774 2832398 83.0522765598651


2830098 2487440 83.0522765598651
2832398 2489774 83.0522765598651


1951214 2439888 83.1007751937985
1951843 2440507 83.1007751937985


2439888 1951214 83.1007751937985
2440507 1951843 83.1007751937985


1250068 1324928 83.1013916500994
1250566 1325407 83.1013916500994


1324928 1250068 83.1013916500994
1325407 1250566 83.1013916500994


2198575 2485292 83.1358885017422
2199991 2486714 83.1358885017422


2485292 2198575 83.1358885017422
2486714 2199991 83.1358885017422


2198033 2378782 83.1668331668332
2199998 2380754 83.1668331668332


2378782 2198033 83.1668331668332
2380754 2199998 83.1668331668332


2640424 2830274 83.2040164308535
2642577 2832398 83.2040164308535


2830274 2640424 83.2040164308535
2832398 2642577 83.2040164308535


2314071 2952411 83.2080200501253
2314469 2952808 83.2080200501253


2952411 2314071 83.2080200501253
2952808 2314469 83.2080200501253


2183240 2981269 83.2125603864734
2184066 2982005 83.2125603864734


2981269 2183240 83.2125603864734
2982005 2184066 83.2125603864734


2236996 2981269 83.232810615199
2237823 2982005 83.232810615199


2981269 2236996 83.232810615199
2982005 2237823 83.232810615199


1986193 2981269 83.2727272727273
1987016 2982005 83.2727272727273


2981269 1986193 83.2727272727273
2982005 1987016 83.2727272727273


3912597 3912597 83.2976445396146
3913063 3913063 83.2976445396146


1346238 1354264 83.3049403747871
1346814 1354843 83.3049403747871


639287 639287 83.3333333333333
639538 639538 83.3333333333333


2487442 2866348 83.3544571187157
2489774 2868671 83.3544571187157


2866348 2487442 83.3544571187157
2868671 2489774 83.3544571187157


2717584 2955793 83.3644859813084
2718106 2956327 83.3644859813084


2955793 2717584 83.3644859813084
2956327 2718106 83.3644859813084


2487468 2715761 83.3687792428754
2489774 2718076 83.3687792428754


2715761 2487468 83.3687792428754
2718076 2489774 83.3687792428754


377579 377579 83.3707865168539
378023 378023 83.3707865168539


3585046 3585046 83.3759590792839
3585436 3585436 83.3759590792839


2000884 2042184 83.3904109589041
2002009 2043323 83.3904109589041


2042184 2000884 83.3904109589041
2043323 2002009 83.3904109589041


2381478 2830098 83.4056399132321
2383284 2831891 83.4056399132321


2830098 2381478 83.4056399132321
2831891 2383284 83.4056399132321


2790356 2955790 83.457249070632
2790888 2956327 83.457249070632


2955790 2790356 83.457249070632
2956327 2790888 83.457249070632


2381480 2866348 83.4683954619125
2383286 2868166 83.4683954619125


2866348 2381480 83.4683954619125
2868166 2383286 83.4683954619125


2090901 2778520 83.5147744945568
2091542 2779159 83.5147744945568


2778520 2090901 83.5147744945568
2779159 2091542 83.5147744945568


2129799 2640424 83.5294117647059
2130039 2640672 83.5294117647059


2640424 2129799 83.5294117647059
2640672 2130039 83.5294117647059


2205321 2640424 83.5443037974684
2205543 2640654 83.5443037974684


2640424 2205321 83.5443037974684
2640654 2205543 83.5443037974684


2777838 2981269 83.5748792270531
2778665 2982005 83.5748792270531


2981269 2777838 83.5748792270531
2982005 2778665 83.5748792270531


2001795 2429553 83.5762876579203
2002816 2430569 83.5762876579203


2429553 2001795 83.5762876579203
2430569 2002816 83.5762876579203


2094860 2640424 83.6297309621523
2096998 2642572 83.6297309621523


2640424 2094860 83.6297309621523
2642572 2096998 83.6297309621523


2590703 2955790 83.6431226765799
2591234 2956327 83.6431226765799


2955790 2590703 83.6431226765799
2956327 2591234 83.6431226765799


1951214 2315032 83.6767036450079
1951843 2315662 83.6767036450079


2315032 1951214 83.6767036450079
2315662 1951843 83.6767036450079


2815430 2981269 83.695652173913
2816256 2982005 83.695652173913


2981269 2815430 83.695652173913
2982005 2816256 83.695652173913


2096500 2955790 83.7037037037037
2097034 2956327 83.7037037037037


2955790 2096500 83.7037037037037
2956327 2097034 83.7037037037037


2198033 2589226 83.7325349301397
2199998 2591204 83.7325349301397


2589226 2198033 83.7325349301397
2591204 2199998 83.7325349301397


2640424 2789324 83.7357052096569
2641192 2790088 83.7357052096569


2789324 2640424 83.7357052096569
2790088 2641192 83.7357052096569


2207845 2440087 83.7476099426386
2208367 2440590 83.7476099426386


2440087 2207845 83.7476099426386
2440590 2208367 83.7476099426386


2000121 2504041 83.7799717912553
2000799 2504746 83.7799717912553


2504041 2000121 83.7799717912553
2504746 2000799 83.7799717912553


2352577 2830098 83.7823275862069
2354409 2831884 83.7823275862069


2830098 2352577 83.7823275862069
2831884 2354409 83.7823275862069


4542586 4542586 83.7837837837838
4542992 4542992 83.7837837837838


2090900 2816110 83.7876614060258
2091593 2816805 83.7876614060258


2816110 2090900 83.7876614060258
2816805 2091593 83.7876614060258


2000270 2640424 83.7947332883187
2001725 2641881 83.7947332883187


2640424 2000270 83.7947332883187
2641881 2001725 83.7947332883187


2095057 2198067 83.7988826815643
2097004 2199998 83.7988826815643


2198067 2095057 83.7988826815643
2199998 2097004 83.7988826815643


2381827 2789490 83.801652892562
2382400 2790093 83.801652892562


2789490 2381827 83.801652892562
2790093 2382400 83.801652892562


2200004 2981269 83.8164251207729
2200831 2982005 83.8164251207729


2981269 2200004 83.8164251207729
2982005 2200831 83.8164251207729


2094710 2314854 83.8218053927315
2095533 2315706 83.8218053927315


2314854 2094710 83.8218053927315
2315706 2095533 83.8218053927315


2399468 2429553 83.8393731635651
2400445 2430569 83.8393731635651


2429553 2399468 83.8393731635651
2430569 2400445 83.8393731635651


2095057 2487849 83.8445807770961
2096998 2489769 83.8445807770961


2487849 2095057 83.8445807770961
2489769 2096998 83.8445807770961


2218564 2866453 83.858764186633
2220124 2867992 83.858764186633


2866453 2218564 83.858764186633
2867992 2220124 83.858764186633


2271700 2866348 83.8665759019741
2273142 2867765 83.8665759019741


2866348 2271700 83.8665759019741
2867765 2273142 83.8665759019741


2439714 2789175 83.8674033149171
2440590 2790064 83.8674033149171


2789175 2439714 83.8674033149171
2790064 2440590 83.8674033149171


2000968 2127787 83.8872104733132
2001918 2128772 83.8872104733132


2127787 2000968 83.8872104733132
2128772 2001918 83.8872104733132


2830098 2907987 83.9104954714971
2831911 2909836 83.9104954714971


2907987 2830098 83.9104954714971
2909836 2831911 83.9104954714971


2000121 2908016 83.9160839160839
2001918 2909836 83.9160839160839


2908016 2000121 83.9160839160839
2909836 2001918 83.9160839160839


2523940 2981269 83.9177750906892
2524764 2982005 83.9177750906892


2981269 2523940 83.9177750906892
2982005 2524764 83.9177750906892


1951214 2640452 83.9258114374034
1951843 2641085 83.9258114374034


2640452 1951214 83.9258114374034
2641085 1951843 83.9258114374034


2271726 2715761 83.9335180055402
2273142 2717176 83.9335180055402


2715761 2271726 83.9335180055402
2717176 2273142 83.9335180055402


2378539 2487563 83.9396628216504
2380754 2489774 83.9396628216504


2487563 2378539 83.9396628216504
2489774 2380754 83.9396628216504


2715761 2791616 83.9572192513369
2716119 2791978 83.9572192513369


2791616 2715761 83.9572192513369
2791978 2716119 83.9572192513369


2198539 2340923 83.9590443686007
2199985 2342378 83.9590443686007


2340923 2198539 83.9590443686007
2342378 2199985 83.9590443686007


1951214 2218662 83.9813374805599
1951843 2219290 83.9813374805599


2218662 1951214 83.9813374805599
2219290 1951843 83.9813374805599


262361 262361 84.0136054421769
262948 262948 84.0136054421769


5123357 5123357 84.0236686390533
5123525 5123525 84.0236686390533


2270047 2292403 84.0290381125227
2270596 2292941 84.0290381125227


2292403 2270047 84.0290381125227
2292941 2270596 84.0290381125227


1951214 2271901 84.0490797546012
1951843 2272534 84.0490797546012


2271901 1951214 84.0490797546012
2272534 1951843 84.0490797546012


2439687 2830098 84.0688912809473
2440590 2831009 84.0688912809473


2830098 2439687 84.0688912809473
2831009 2440590 84.0688912809473


1951214 2352780 84.0735068912711
1951843 2353413 84.0735068912711


2352780 1951214 84.0735068912711
2353413 1951843 84.0735068912711


665119 1163271 84.1025641025641
665882 1164047 84.1025641025641


1163271 665119 84.1025641025641
1164047 665882 84.1025641025641


2340923 2488321 84.1095890410959
2342378 2489762 84.1095890410959


2488321 2340923 84.1095890410959
2489762 2342378 84.1095890410959


2292403 2523036 84.1637010676157
2292964 2523590 84.1637010676157


2523036 2292403 84.1637010676157
2523590 2292964 84.1637010676157


5146797 5146797 84.1666666666667
5147276 5147276 84.1666666666667


2094787 2218562 84.1820151679307
2095663 2219463 84.1820151679307


2218562 2094787 84.1820151679307
2219463 2095663 84.1820151679307


1984096 2866580 84.1880341880342
1985714 2868184 84.1880341880342


2866580 1984096 84.1880341880342
2868184 1985714 84.1880341880342


2868170 2955790 84.2007434944238
2868701 2956327 84.2007434944238


2955790 2868170 84.2007434944238
2956327 2868701 84.2007434944238


1984096 2715969 84.2009685230024
1985714 2717595 84.2009685230024


2715969 1984096 84.2009685230024
2717595 1985714 84.2009685230024


2640424 2866524 84.2081241442264
2642577 2868671 84.2081241442264


2866524 2640424 84.2081241442264
2868671 2642577 84.2081241442264


2292407 2438046 84.2105263157895
2293267 2438936 84.2105263157895


2438046 2292407 84.2105263157895
2438936 2293267 84.2105263157895


5039149 5039149 84.2105263157895
5039680 5039680 84.2105263157895


4315191 4315191 84.2261904761905
4315526 4315526 84.2261904761905


2439712 2129648 84.2364532019704
2440108 2130039 84.2364532019704


2205172 2504041 84.2377260981912
2205544 2504419 84.2377260981912


2504041 2205172 84.2377260981912
2504419 2205544 84.2377260981912


1984260 2207845 84.2424242424242
1984897 2208495 84.2424242424242


2094680 2381475 84.2424242424242
2096452 2383246 84.2424242424242


2207845 1984260 84.2424242424242
2208495 1984897 84.2424242424242


2381475 2094680 84.2424242424242
2383246 2096452 84.2424242424242


2487418 2588837 84.2434347644852
2489774 2591204 84.2434347644852


2588837 2487418 84.2434347644852
2591204 2489774 84.2434347644852


2791588 2830098 84.25
2791978 2830480 84.25


2830098 2791588 84.25
2830480 2791978 84.25


1050086 1051019 84.2767295597484
1050402 1051336 84.2767295597484


1051019 1050086 84.2767295597484
1051336 1050402 84.2767295597484


2102129 2955793 84.2990654205608
2102658 2956327 84.2990654205608


2955793 2102129 84.2990654205608
2956327 2102658 84.2990654205608


3401011 3401011 84.3023255813954
3401354 3401354 84.3023255813954


1984354 3029934 84.3137254901961
1984698 3030290 84.3137254901961


3029934 1984354 84.3137254901961
3030290 1984698 84.3137254901961


2218562 2715839 84.3198992443325
2220124 2717403 84.3198992443325


2715839 2218562 84.3198992443325
2717403 2220124 84.3198992443325


4267109 4267109 84.3283582089552
4267510 4267510 84.3283582089552


2866348 2907989 84.3418259023355
2868184 2909836 84.3418259023355


2907989 2866348 84.3418259023355
2909836 2868184 84.3418259023355


1984096 2000327 84.3551797040169
1985490 2001725 84.3551797040169


2000327 1984096 84.3551797040169
2001725 1985490 84.3551797040169


2378592 2640425 84.356525693497
2380754 2642577 84.356525693497


2640425 2378592 84.356525693497
2642577 2380754 84.356525693497


2042358 2831017 84.375
2043323 2832002 84.375


2831017 2042358 84.375
2832002 2043323 84.375


2271726 2789175 84.3949044585987
2272647 2790094 84.3949044585987


2640424 2715912 84.3949044585987
2642577 2718076 84.3949044585987


2715912 2640424 84.3949044585987
2718076 2642577 84.3949044585987


2789175 2271726 84.3949044585987
2790094 2272647 84.3949044585987


2272194 3029934 84.4011142061281
2272540 3030292 84.4011142061281


2381948 3029934 84.4011142061281
2382294 3030292 84.4011142061281


3029934 2381948 84.4011142061281
3030292 2382294 84.4011142061281


3029934 2272194 84.4011142061281
3030292 2272540 84.4011142061281


2429662 2955790 84.4155844155844
2430195 2956327 84.4155844155844


2955790 2429662 84.4155844155844
2956327 2430195 84.4155844155844


2436632 2772765 84.42280945758
2438759 2774877 84.42280945758


2772765 2436632 84.42280945758
2774877 2438759 84.42280945758


2789175 2908016 84.4279661016949
2790094 2908941 84.4279661016949


2908016 2789175 84.4279661016949
2908941 2790094 84.4279661016949


2218782 2398050 84.4638949671772
2220129 2399404 84.4638949671772


2398050 2218782 84.4638949671772
2399404 2220129 84.4638949671772


2340923 2437486 84.4886753603295
2342377 2438929 84.4886753603295


2437486 2340923 84.4886753603295
2438929 2342377 84.4886753603295


2292403 2641681 84.4987363100253
2293559 2642861 84.4987363100253


2641681 2292403 84.4987363100253
2642861 2293559 84.4987363100253


2272085 2794660 84.4990548204159
2273142 2795674 84.4990548204159


2794660 2272085 84.4990548204159
2795674 2273142 84.4990548204159


2129648 2381505 84.5
2130039 2381901 84.5


2381505 2129648 84.5
2381901 2130039 84.5


2439691 2039881 84.5070422535211
2440590 2040779 84.5070422535211


2039881 2439691 84.5238095238095
2040779 2440590 84.5238095238095


2000973 2340923 84.5417236662107
2002394 2342378 84.5417236662107


2340923 2000973 84.5417236662107
2342378 2002394 84.5417236662107


2218850 2794669 84.5433255269321
2220129 2795906 84.5433255269321


2794669 2218850 84.5433255269321
2795906 2220129 84.5433255269321


1984096 2040110 84.54481298518
1985490 2041498 84.54481298518


2040110 1984096 84.54481298518
2041498 1985490 84.54481298518


2095057 2908401 84.5578231292517
2096514 2909836 84.5578231292517


2908401 2095057 84.5578231292517
2909836 2096514 84.5578231292517


2042184 2954622 84.5719661335842
2043225 2955662 84.5719661335842


2954622 2042184 84.5719661335842
2955662 2043225 84.5719661335842


2042184 2095445 84.5758354755784
2043323 2096605 84.5758354755784


2095445 2042184 84.5758354755784
2096605 2043323 84.5758354755784


267528 267528 84.5890410958904
267819 267819 84.5890410958904


2383385 2832005 84.6153846153846
2383771 2832393 84.6153846153846


2832005 2383385 84.6153846153846
2832393 2383771 84.6153846153846


2715761 2908016 84.6195069667739
2717595 2909836 84.6195069667739


2908016 2715761 84.6195069667739
2909836 2717595 84.6195069667739


2007466 2866418 84.6335697399527
2009139 2868062 84.6335697399527


2866418 2007466 84.6335697399527
2868062 2009139 84.6335697399527


2429552 2906617 84.6449136276392
2430567 2907654 84.6449136276392


2906617 2429552 84.6449136276392
2907654 2430567 84.6449136276392


2419413 2439822 84.6641318124208
2420187 2440584 84.6641318124208


2439822 2419413 84.6641318124208
2440584 2420187 84.6641318124208


2439667 2588838 84.6715328467153
2440590 2589775 84.6715328467153


2588838 2439667 84.6715328467153
2589775 2440590 84.6715328467153


2292852 2732529 84.6733668341708
2293619 2733321 84.6733668341708


2732529 2292852 84.6733668341708
2733321 2293619 84.6733668341708


2205172 2791616 84.6774193548387
2205528 2791978 84.6774193548387


2791616 2205172 84.6774193548387
2791978 2205528 84.6774193548387


2040742 2340924 84.6814602720114
2042103 2342314 84.6814602720114


2340924 2040742 84.6814602720114
2342314 2042103 84.6814602720114


2589034 2640424 84.6887778282599
2591204 2642577 84.6887778282599


2640424 2589034 84.6887778282599
2642577 2591204 84.6887778282599


1951214 2719073 84.6986089644513
1951843 2719706 84.6986089644513


2719073 1951214 84.6986089644513
2719706 1951843 84.6986089644513


2485296 2773657 84.7011952191235
2486543 2774883 84.7011952191235


2773657 2485296 84.7011952191235
2774883 2486543 84.7011952191235


2381457 2588837 84.7096430474161
2383285 2590698 84.7096430474161


2588837 2381457 84.7096430474161
2590698 2383285 84.7096430474161


2419413 2791724 84.7328244274809
2419659 2791978 84.7328244274809


2791724 2419413 84.7328244274809
2791978 2419659 84.7328244274809


2381507 2953859 84.7374179431072
2383286 2955655 84.7374179431072


2953859 2381507 84.7374179431072
2955655 2383286 84.7374179431072


2718871 2866348 84.7378277153558
2719921 2867380 84.7378277153558


2866348 2718871 84.7378277153558
2867380 2719921 84.7378277153558


1951214 2905102 84.7457627118644
1951843 2905720 84.7457627118644


2905102 1951214 84.7457627118644
2905720 1951843 84.7457627118644


2205172 2381507 84.7769028871391
2205544 2381884 84.7769028871391


2381507 2205172 84.7769028871391
2381884 2205544 84.7769028871391


2315004 2640424 84.7908745247148
2315252 2640680 84.7908745247148


2640424 2315004 84.7908745247148
2640680 2315252 84.7908745247148


2381521 2715777 84.7969264544457
2383286 2717577 84.7969264544457


2715777 2381521 84.7969264544457
2717577 2383286 84.7969264544457


1984208 2789491 84.8039215686274
1984804 2790094 84.8039215686274


2789491 1984208 84.8039215686274
2790094 1984804 84.8039215686274


903638 927636 84.8049281314168
904606 928586 84.8049281314168


927636 903638 84.8049281314168
928586 904606 84.8049281314168


1984096 2378647 84.8154869933454
1985714 2380270 84.8154869933454


2378647 1984096 84.8154869933454
2380270 1985714 84.8154869933454


2398050 2908310 84.8174247277386
2399591 2909836 84.8174247277386


2908310 2398050 84.8174247277386
2909836 2399591 84.8174247277386


2352605 2789175 84.8195329087049
2353525 2790094 84.8195329087049


2789175 2352605 84.8195329087049
2790094 2353525 84.8195329087049


2640424 2954008 84.8288075560803
2642094 2955662 84.8288075560803


2954008 2640424 84.8288075560803
2955662 2642094 84.8288075560803


2419419 2908130 84.8392036753446
2420694 2909399 84.8392036753446


2908130 2419419 84.8392036753446
2909399 2420694 84.8392036753446


4503563 4503563 84.8484848484848
4503760 4503760 84.8484848484848


1951214 2007598 84.8623853211009
1951843 2008236 84.8623853211009


2007598 1951214 84.8623853211009
2008236 1951843 84.8623853211009


2439689 2866348 84.8670756646217
2440166 2866814 84.8670756646217


2866348 2439689 84.8670756646217
2866814 2440166 84.8670756646217


2218562 2588961 84.8713119899561
2220129 2590530 84.8713119899561


2588961 2218562 84.8713119899561
2590530 2220129 84.8713119899561


2314952 2378539 84.8883048620237
2315711 2379298 84.8883048620237


2378539 2314952 84.8883048620237
2379298 2315711 84.8883048620237


2000121 2271726 84.8925848925849
2001529 2273142 84.8925848925849


2271726 2000121 84.8925848925849
2273142 2001529 84.8925848925849


2000121 2381507 84.9044978434997
2001725 2383088 84.9044978434997


2381507 2000121 84.9044978434997
2383088 2001725 84.9044978434997


2000197 2218562 84.9165596919127
2001725 2220093 84.9165596919127


2218562 2000197 84.9165596919127
2220093 2001725 84.9165596919127


2041623 2493013 84.9173553719008
2042105 2493496 84.9173553719008


2493013 2041623 84.9173553719008
2493496 2042105 84.9173553719008


2378539 2439809 84.9196538936959
2379332 2440590 84.9196538936959


2439809 2378539 84.9196538936959
2440590 2379332 84.9196538936959


2207967 2776055 84.9340866290019
2208495 2776566 84.9340866290019


2776055 2207967 84.9340866290019
2776566 2208495 84.9340866290019


2103381 2789175 84.9447513812155
2104096 2789877 84.9447513812155


2789175 2103381 84.9447513812155
2789877 2104096 84.9447513812155


2000121 2791616 84.9462365591398
2000477 2791978 84.9462365591398


2791616 2000121 84.9462365591398
2791978 2000477 84.9462365591398


2381782 2398025 84.951768488746
2383284 2399571 84.951768488746


2398025 2381782 84.951768488746
2399571 2383284 84.951768488746


4410470 4410470 84.9680170575693
4411407 4411407 84.9680170575693


2129648 2271724 84.9753694581281
2130039 2272121 84.9753694581281


2271724 2129648 84.9753694581281
2272121 2130039 84.9753694581281


2440173 3029940 84.985835694051
2440513 3030292 84.985835694051


3029940 2440173 84.985835694051
3030292 2440513 84.985835694051


2398050 2719193 84.9865951742627
2398786 2719920 84.9865951742627


2719193 2398050 84.9865951742627
2719920 2398786 84.9865951742627


2271725 2314854 84.9878934624697
2272129 2315252 84.9878934624697


2314854 2271725 84.9878934624697
2315252 2272129 84.9878934624697


425975 450525 84.9918433931484
426560 451122 84.9918433931484


450525 425975 84.9918433931484
451122 426560 84.9918433931484


2218583 2378539 84.9936143039591
2220122 2380076 84.9936143039591


2378539 2218583 84.9936143039591
2380076 2220122 84.9936143039591


2429568 2438357 84.995064165844
2430566 2439353 84.995064165844


2438357 2429568 84.995064165844
2439353 2430566 84.995064165844


2090900 2183920 85
2091795 2184815 85


2183920 2090900 85
2184815 2091795 85


1233390 1269966 85.012285012285
1234185 1270739 85.012285012285


1269966 1233390 85.012285012285
1270739 1234185 85.012285012285


2103381 2205172 85.0129198966408
2103759 2205544 85.0129198966408


2205172 2103381 85.0129198966408
2205544 2103759 85.0129198966408


2205172 2775553 85.0129198966408
2205544 2775930 85.0129198966408


2205172 2271726 85.0129198966408
2205544 2272104 85.0129198966408


2271726 2205172 85.0129198966408
2272104 2205544 85.0129198966408


2775553 2205172 85.0129198966408
2775930 2205544 85.0129198966408


2007466 2789218 85.0166481687015
2008349 2790094 85.0166481687015


2789218 2007466 85.0166481687015
2790094 2008349 85.0166481687015


2218562 2789251 85.0174216027875
2219402 2790094 85.0174216027875


2789251 2218562 85.0174216027875
2790094 2219402 85.0174216027875


2042454 2218082 85.0210970464135
2042923 2218549 85.0210970464135


2218082 2042454 85.0210970464135
2218549 2042923 85.0210970464135


2429553 2641981 85.0406504065041
2430165 2642577 85.0406504065041


2641981 2429553 85.0406504065041
2642577 2430165 85.0406504065041


2042184 2867123 85.0515463917526
2043323 2868275 85.0515463917526


2867123 2042184 85.0515463917526
2868275 2043323 85.0515463917526


2718904 2789181 85.0586979722519
2719819 2790094 85.0586979722519


2789181 2718904 85.0586979722519
2790094 2719819 85.0586979722519


2908016 2953859 85.0649350649351
2909823 2955660 85.0649350649351


2953859 2908016 85.0649350649351
2955660 2909823 85.0649350649351


2270050 2834660 85.0710900473934
2270470 2835081 85.0710900473934


2834660 2270050 85.0710900473934
2835081 2270470 85.0710900473934


2272021 2398050 85.0746268656716
2273142 2399172 85.0746268656716


2398050 2272021 85.0746268656716
2399172 2273142 85.0746268656716


2094680 2271695 85.0785340314136
2095047 2272068 85.0785340314136


2271695 2094680 85.0785340314136
2272068 2095047 85.0785340314136


2788270 2829129 85.0852272727273
2788884 2829832 85.0852272727273


2829129 2788270 85.0852272727273
2829832 2788884 85.0852272727273


2042184 2269401 85.0899742930591
2043322 2270560 85.0899742930591


2269401 2042184 85.0899742930591
2270560 2043322 85.0899742930591


1340079 1270893 85.0961538461538
1340277 1271099 85.0961538461538


2378539 2381602 85.1039260969977
2380252 2383286 85.1039260969977


2381602 2378539 85.1039260969977
2383286 2380252 85.1039260969977


2040652 2042184 85.1113716295428
2041498 2043012 85.1113716295428


2042184 2040652 85.1113716295428
2043012 2041498 85.1113716295428


1951214 2487643 85.1226993865031
1951843 2488276 85.1226993865031


2487643 1951214 85.1226993865031
2488276 1951843 85.1226993865031


1242941 1340091 85.140562248996
1243185 1340330 85.140562248996


1340091 1242941 85.140562248996
1340330 1243185 85.140562248996


1951327 2100601 85.1428571428571
1951843 2101110 85.1428571428571


2100601 1951327 85.1428571428571
2101110 1951843 85.1428571428571


2352579 2866348 85.1431658562939
2354409 2868157 85.1431658562939


2866348 2352579 85.1431658562939
2868157 2354409 85.1431658562939


2485292 2641166 85.1464435146444
2486719 2642577 85.1464435146444


2641166 2485292 85.1464435146444
2642577 2486719 85.1464435146444


1984096 2954065 85.1533742331288
1985694 2955653 85.1533742331288


2954065 1984096 85.1533742331288
2955653 1985694 85.1533742331288


2042184 2398524 85.1756640959726
2043323 2399682 85.1756640959726


2398524 2042184 85.1756640959726
2399682 2043323 85.1756640959726


2001009 2485292 85.1835471030518
2003221 2487514 85.1835471030518


2485292 2001009 85.1835471030518
2487514 2003221 85.1835471030518


2207924 2381940 85.191637630662
2208495 2382493 85.191637630662


2381940 2207924 85.191637630662
2382493 2208495 85.191637630662


2314855 2487468 85.1941747572815
2315252 2487871 85.1941747572815


2487468 2314855 85.1941747572815
2487871 2315252 85.1941747572815


2103356 2866348 85.2
2104095 2867061 85.2


2866348 2103356 85.2
2867061 2104095 85.2


2218562 2953935 85.2108244178729
2220124 2955481 85.2108244178729


2953935 2218562 85.2108244178729
2955481 2220124 85.2108244178729


2378539 2908111 85.2124645892351
2380270 2909836 85.2124645892351


2908111 2378539 85.2124645892351
2909836 2380270 85.2124645892351


2039904 2314854 85.2153667054715
2040745 2315711 85.2153667054715


2314854 2039904 85.2153667054715
2315711 2040745 85.2153667054715


2095366 2522325 85.2180936995154
2096596 2523531 85.2180936995154


2522325 2095366 85.2180936995154
2523531 2096596 85.2180936995154


2292406 2906324 85.2189781021898
2292941 2906867 85.2189781021898


2906324 2292406 85.2189781021898
2906867 2292941 85.2189781021898


2103379 2129648 85.2216748768473
2103776 2130039 85.2216748768473


2129648 2103379 85.2216748768473
2130039 2103776 85.2216748768473


2042181 2272487 85.2359208523592
2042816 2273142 85.2359208523592


2272487 2042181 85.2359208523592
2273142 2042816 85.2359208523592


2791616 2953859 85.254691689008
2791978 2954215 85.254691689008


2953859 2791616 85.254691689008
2954215 2791978 85.254691689008


2398053 2640575 85.2599388379205
2399673 2642183 85.2599388379205


2640575 2398053 85.2599388379205
2642183 2399673 85.2599388379205


2042184 2379205 85.2739726027397
2043323 2380361 85.2739726027397


2379205 2042184 85.2739726027397
2380361 2043323 85.2739726027397


2436632 2789175 85.2754237288136
2437554 2790094 85.2754237288136


2789175 2436632 85.2754237288136
2790094 2437554 85.2754237288136


2314971 2419419 85.2901484480432
2315711 2420159 85.2901484480432


2419419 2314971 85.2901484480432
2420159 2315711 85.2901484480432


2205248 2218562 85.2941176470588
2205544 2218860 85.2941176470588


2218562 2205248 85.2941176470588
2218860 2205544 85.2941176470588


3908545 3909060 85.3146853146853
3908821 3909335 85.3146853146853


3909060 3908545 85.3146853146853
3909335 3908821 85.3146853146853


2000805 2522325 85.3161843515541
2001725 2523236 85.3161843515541


2522325 2000805 85.3161843515541
2523236 2001725 85.3161843515541


1951214 2436807 85.3211009174312
1951843 2437441 85.3211009174312


2436807 1951214 85.3211009174312
2437441 1951843 85.3211009174312


2008317 2485292 85.3255587949466
2009305 2486315 85.3255587949466


2485292 2008317 85.3255587949466
2486315 2009305 85.3255587949466


2795060 2954657 85.3273137697517
2795940 2955520 85.3273137697517


2954657 2795060 85.3273137697517
2955520 2795940 85.3273137697517


2436606 2866348 85.3344412131284
2438976 2868706 85.3344412131284


2866348 2436606 85.3344412131284
2868706 2438976 85.3344412131284


2218559 2314926 85.3372434017595
2218885 2315252 85.3372434017595


2314926 2218559 85.3372434017595
2315252 2218885 85.3372434017595


2522325 2867044 85.3441295546559
2523531 2868266 85.3441295546559


2867044 2522325 85.3441295546559
2868266 2523531 85.3441295546559


2207845 2908394 85.3462157809984
2208458 2909002 85.3462157809984


2908394 2207845 85.3462157809984
