#-- forward hits sorted by %sim
0 0 0
0 0 0


897288 1303792 65.0793650793651
897476 1303976 65.0793650793651


1303792 897288 65.0793650793651
1303976 897476 65.0793650793651


897287 897287 67.3684210526316
897476 897476 67.3684210526316


2325156 2325156 67.4418604651163
2325413 2325413 67.4418604651163


1176020 1176020 71.875
1176307 1176307 71.875


494928 790847 73.8351254480287
495194 791124 73.8351254480287


2257864 2257864 73.992673992674
2258136 2258136 73.992673992674


1093823 847556 74.8373101952278
1094271 848013 74.8373101952278


597686 597686 75.7009345794392
598006 598006 75.7009345794392


1006742 1342840 76.0869565217391
1007201 1343211 76.0869565217391


1342840 1006742 76.0869565217391
1343211 1007201 76.0869565217391


854307 1135820 76.4705882352941
854680 1136172 76.4705882352941


1135820 854307 76.4705882352941
1136172 854680 76.4705882352941


661795 1342897 76.5656565656566
662288 1343299 76.5656565656566


1342897 661795 76.5656565656566
1343299 662288 76.5656565656566


850344 1151431 77.088948787062
851068 1152152 77.088948787062


1151431 850344 77.088948787062
1152152 851068 77.088948787062


402796 653931 77.1004942339374
403399 654493 77.1004942339374


653931 402796 77.1004942339374
654493 403399 77.1004942339374


1585731 1652244 77.2946859903382
1585936 1652447 77.2946859903382


1652244 1585731 77.2946859903382
1652447 1585936 77.2946859903382


653979 1151523 78.1102362204724
654569 1152152 78.1102362204724


1151523 653979 78.1102362204724
1152152 654569 78.1102362204724


1572619 1572619 78.2234957020057
1572967 1572967 78.2234957020057


653997 790847 78.2820097244733
654569 791459 78.2820097244733


790847 653997 78.2820097244733
791459 654569 78.2820097244733


1619838 1619838 78.2857142857143
1620187 1620187 78.2857142857143


854006 1313705 78.2894736842105
854309 1314007 78.2894736842105


1313705 854006 78.2894736842105
1314007 854309 78.2894736842105


363023 653931 78.2991202346041
363700 654569 78.2991202346041


653931 363023 78.2991202346041
654569 363700 78.2991202346041


1135624 1151415 78.3928571428571
1136161 1151958 78.3928571428571


1151415 1135624 78.3928571428571
1151958 1136161 78.3928571428571


653700 702776 78.619153674833
654555 703672 78.619153674833


702776 653700 78.619153674833
703672 654555 78.619153674833


207166 216492 78.7292817679558
207527 216852 78.7292817679558


216492 207166 78.7292817679558
216852 207527 78.7292817679558


312684 1155954 78.75
313075 1156347 78.75


676148 801007 78.75
677005 801850 78.75


801007 676148 78.75
801850 677005 78.75


1155954 312684 78.75
1156347 313075 78.75


799785 1093823 78.7610619469027
800235 1094271 78.7610619469027


1093823 799785 78.7610619469027
1094271 800235 78.7610619469027


790851 850473 78.7928221859706
791459 851068 78.7928221859706


850473 790851 78.7928221859706
851068 791459 78.7928221859706


560691 790851 78.8025889967638
561292 791459 78.8025889967638


790851 560691 78.8025889967638
791459 561292 78.8025889967638


569140 1155970 78.9617486338798
569496 1156333 78.9617486338798


1155970 569140 78.9617486338798
1156333 569496 78.9617486338798


790672 1135549 79.0697674418605
791275 1136172 79.0697674418605


1135549 790672 79.0697674418605
1136172 791275 79.0697674418605


1155954 1191771 79.1044776119403
1156349 1192160 79.1044776119403


1191771 1155954 79.1044776119403
1192160 1156349 79.1044776119403


452194 1197528 79.1208791208791
452646 1197982 79.1208791208791


1197528 452194 79.1208791208791
1197982 452646 79.1208791208791


162915 162915 79.2713567839196
163710 163710 79.2713567839196


653697 847105 79.6479647964797
654561 848008 79.6479647964797


847105 653697 79.6479647964797
848008 654561 79.6479647964797


653700 1229058 79.8687089715536
654569 1229965 79.8687089715536


1229058 653700 79.8687089715536
1229965 654569 79.8687089715536


463008 653700 80
463922 654569 80


653700 463008 80
654569 463922 80


402974 1317087 80.046403712297
403399 1317517 80.046403712297


1317087 402974 80.046403712297
1317517 403399 80.046403712297


389537 673891 80.2083333333333
389728 674082 80.2083333333333


673891 389537 80.2083333333333
674082 389728 80.2083333333333


653700 741144 80.351262349067
654569 742048 80.351262349067


741144 653700 80.351262349067
742048 654569 80.351262349067


703182 1317084 80.8467741935484
703672 1317579 80.8467741935484


1317084 703182 80.8467741935484
1317579 703672 80.8467741935484


1155957 759411 80.8988764044944
1157234 760732 80.8988764044944


1303792 1303792 81.1074918566775
1304098 1304098 81.1074918566775


702933 1151416 81.3765182186235
703672 1152140 81.3765182186235


1151416 702933 81.3765182186235
1152140 703672 81.3765182186235


452268 1073332 81.5347721822542
453089 1074164 81.5347721822542


1073332 452268 81.5347721822542
1074164 453089 81.5347721822542


455978 800982 81.5450643776824
456866 801884 81.5450643776824


800982 455978 81.5450643776824
801884 456866 81.5450643776824


363198 1317084 81.5985130111524
363730 1317621 81.5985130111524


1317084 363198 81.5985130111524
1317621 363730 81.5985130111524


883620 1077742 81.7080557238038
885228 1079370 81.7080557238038


1077742 883620 81.7080557238038
1079370 885228 81.7080557238038


630285 1155954 81.7774458551158
631611 1157234 81.7774458551158


1155954 630285 81.7774458551158
1157234 631611 81.7774458551158


632992 1191392 81.8430034129693
634436 1192786 81.8430034129693


1191392 632992 81.8430034129693
1192786 634436 81.8430034129693


676408 759314 81.9397993311037
677005 759910 81.9397993311037


759314 676408 81.9397993311037
759910 677005 81.9397993311037


950532 1155954 81.9644369178662
951701 1157077 81.9644369178662


1155954 950532 81.9644369178662
1157077 951701 81.9644369178662


389537 1073965 82
389728 1074164 82


702857 790672 82.1078431372549
703672 791446 82.1078431372549


790672 702857 82.1078431372549
791446 703672 82.1078431372549


780950 1155954 82.183908045977
781982 1156945 82.183908045977


1155954 780950 82.183908045977
1156945 781982 82.183908045977


673874 736550 82.2727272727273
674093 736769 82.2727272727273


736550 673874 82.2727272727273
736769 674093 82.2727272727273


559327 1228009 82.3323323323323
561292 1229965 82.3323323323323


1228009 559327 82.3323323323323
1229965 561292 82.3323323323323


673874 1147378 82.3788546255507
674100 1147599 82.3788546255507


1147378 673874 82.3788546255507
1147599 674100 82.3788546255507


216485 216485 82.3848238482385
216853 216853 82.3848238482385


1003150 1151431 82.4324324324324
1003871 1152152 82.4324324324324


1151431 1003150 82.4324324324324
1152152 1003871 82.4324324324324


312508 742976 82.4451410658307
313137 743582 82.4451410658307


742976 312508 82.4451410658307
743582 313137 82.4451410658307


851074 1342563 82.487922705314
851900 1343299 82.487922705314


1342563 851074 82.487922705314
1343299 851900 82.487922705314


801008 1077055 82.4945295404814
801884 1077947 82.4945295404814


1077055 801008 82.4945295404814
1077947 801884 82.4945295404814


312537 345390 82.516339869281
313137 345988 82.516339869281


345390 312537 82.516339869281
345988 313137 82.516339869281


847513 1317084 82.5278810408922
848043 1317621 82.5278810408922


1317084 847513 82.5278810408922
1317621 848043 82.5278810408922


1001719 1134209 82.5935162094763
1003696 1136177 82.5935162094763


1134209 1001719 82.5935162094763
1136177 1003696 82.5935162094763


452194 735954 82.6086956521739
452790 736550 82.6086956521739


735954 452194 82.6086956521739
736550 452790 82.6086956521739


312508 1269484 82.648401826484
313137 1270122 82.648401826484


1269484 312508 82.648401826484
1270122 313137 82.648401826484


207165 207165 82.6666666666667
207539 207539 82.6666666666667


745078 1342563 82.7085852478839
745902 1343299 82.7085852478839


1342563 745078 82.7085852478839
1343299 745902 82.7085852478839


846586 849650 82.7298050139276
848013 851068 82.7298050139276


849650 846586 82.7298050139276
851068 848013 82.7298050139276


559327 1077398 82.7586206896552
561292 1079370 82.7586206896552


1077398 559327 82.7586206896552
1079370 561292 82.7586206896552


1193194 1317087 82.803738317757
1193722 1317621 82.803738317757


1317087 1193194 82.803738317757
1317621 1193722 82.803738317757


1155960 1194811 82.824427480916
1156221 1195071 82.824427480916


1194811 1155960 82.824427480916
1195071 1156221 82.824427480916


308324 1342563 82.8502415458937
309151 1343299 82.8502415458937


1342563 308324 82.8502415458937
1343299 309151 82.8502415458937


1080551 1155954 82.8571428571429
1081215 1156578 82.8571428571429


1155954 1080551 82.8571428571429
1156578 1081215 82.8571428571429


741550 1317084 82.8996282527881
742078 1317621 82.8996282527881


1317084 741550 82.8996282527881
1317621 742078 82.8996282527881


1077055 1194446 82.9153605015674
1077670 1195071 82.9153605015674


1194446 1077055 82.9153605015674
1195071 1077670 82.9153605015674


455974 1194415 83.030303030303
456588 1195070 83.030303030303


1194415 455974 83.030303030303
1195070 456588 83.030303030303


848734 1191392 83.0522765598651
851068 1193692 83.0522765598651


1191392 848734 83.0522765598651
1193692 851068 83.0522765598651


312508 801182 83.1007751937985
313137 801801 83.1007751937985


801182 312508 83.1007751937985
801801 313137 83.1007751937985


559869 846586 83.1358885017422
561285 848008 83.1358885017422


846586 559869 83.1358885017422
848008 561285 83.1358885017422


559327 740076 83.1668331668332
561292 742048 83.1668331668332


740076 559327 83.1668331668332
742048 561292 83.1668331668332


1001718 1191568 83.2040164308535
1003871 1193692 83.2040164308535


1191568 1001718 83.2040164308535
1193692 1003871 83.2040164308535


675365 1313705 83.2080200501253
675763 1314102 83.2080200501253


1313705 675365 83.2080200501253
1314102 675763 83.2080200501253


544534 1342563 83.2125603864734
545360 1343299 83.2125603864734


1342563 544534 83.2125603864734
1343299 545360 83.2125603864734


598290 1342563 83.232810615199
599117 1343299 83.232810615199


1342563 598290 83.232810615199
1343299 599117 83.232810615199


347487 1342563 83.2727272727273
348310 1343299 83.2727272727273


1342563 347487 83.2727272727273
1343299 348310 83.2727272727273


2273891 2273891 83.2976445396146
2274357 2274357 83.2976445396146


848736 1227642 83.3544571187157
851068 1229965 83.3544571187157


1227642 848736 83.3544571187157
1229965 851068 83.3544571187157


1078878 1317087 83.3644859813084
1079400 1317621 83.3644859813084


1317087 1078878 83.3644859813084
1317621 1079400 83.3644859813084


848762 1077055 83.3687792428754
851068 1079370 83.3687792428754


1077055 848762 83.3687792428754
1079370 851068 83.3687792428754


1946340 1946340 83.3759590792839
1946730 1946730 83.3759590792839


362178 403478 83.3904109589041
363303 404617 83.3904109589041


403478 362178 83.3904109589041
404617 363303 83.3904109589041


742772 1191392 83.4056399132321
744578 1193185 83.4056399132321


1191392 742772 83.4056399132321
1193185 744578 83.4056399132321


1151650 1317084 83.457249070632
1152182 1317621 83.457249070632


1317084 1151650 83.457249070632
1317621 1152182 83.457249070632


742774 1227642 83.4683954619125
744580 1229460 83.4683954619125


1227642 742774 83.4683954619125
1229460 744580 83.4683954619125


452195 1139814 83.5147744945568
452836 1140453 83.5147744945568


1139814 452195 83.5147744945568
1140453 452836 83.5147744945568


491093 1001718 83.5294117647059
491333 1001966 83.5294117647059


1001718 491093 83.5294117647059
1001966 491333 83.5294117647059


566615 1001718 83.5443037974684
566837 1001948 83.5443037974684


1001718 566615 83.5443037974684
1001948 566837 83.5443037974684


1139132 1342563 83.5748792270531
1139959 1343299 83.5748792270531


1342563 1139132 83.5748792270531
1343299 1139959 83.5748792270531


363089 790847 83.5762876579203
364110 791863 83.5762876579203


790847 363089 83.5762876579203
791863 364110 83.5762876579203


456154 1001718 83.6297309621523
458292 1003866 83.6297309621523


1001718 456154 83.6297309621523
1003866 458292 83.6297309621523


951997 1317084 83.6431226765799
952528 1317621 83.6431226765799


1317084 951997 83.6431226765799
1317621 952528 83.6431226765799


312508 676326 83.6767036450079
313137 676956 83.6767036450079


676326 312508 83.6767036450079
676956 313137 83.6767036450079


1176724 1342563 83.695652173913
1177550 1343299 83.695652173913


1342563 1176724 83.695652173913
1343299 1177550 83.695652173913


457794 1317084 83.7037037037037
458328 1317621 83.7037037037037


1317084 457794 83.7037037037037
1317621 458328 83.7037037037037


559327 950520 83.7325349301397
561292 952498 83.7325349301397


950520 559327 83.7325349301397
952498 561292 83.7325349301397


1001718 1150618 83.7357052096569
1002486 1151382 83.7357052096569


1150618 1001718 83.7357052096569
1151382 1002486 83.7357052096569


569139 801381 83.7476099426386
569661 801884 83.7476099426386


801381 569139 83.7476099426386
801884 569661 83.7476099426386


361415 865335 83.7799717912553
362093 866040 83.7799717912553


865335 361415 83.7799717912553
866040 362093 83.7799717912553


713871 1191392 83.7823275862069
715703 1193178 83.7823275862069


1191392 713871 83.7823275862069
1193178 715703 83.7823275862069


452194 1177404 83.7876614060258
452887 1178099 83.7876614060258


1177404 452194 83.7876614060258
1178099 452887 83.7876614060258


361564 1001718 83.7947332883187
363019 1003175 83.7947332883187


1001718 361564 83.7947332883187
1003175 363019 83.7947332883187


456351 559361 83.7988826815643
458298 561292 83.7988826815643


559361 456351 83.7988826815643
561292 458298 83.7988826815643


743121 1150784 83.801652892562
743694 1151387 83.801652892562


1150784 743121 83.801652892562
1151387 743694 83.801652892562


561298 1342563 83.8164251207729
562125 1343299 83.8164251207729


1342563 561298 83.8164251207729
1343299 562125 83.8164251207729


456004 676148 83.8218053927315
456827 677000 83.8218053927315


676148 456004 83.8218053927315
677000 456827 83.8218053927315


760762 790847 83.8393731635651
761739 791863 83.8393731635651


790847 760762 83.8393731635651
791863 761739 83.8393731635651


456351 849143 83.8445807770961
458292 851063 83.8445807770961


849143 456351 83.8445807770961
851063 458292 83.8445807770961


579858 1227747 83.858764186633
581418 1229286 83.858764186633


1227747 579858 83.858764186633
1229286 581418 83.858764186633


632994 1227642 83.8665759019741
634436 1229059 83.8665759019741


1227642 632994 83.8665759019741
1229059 634436 83.8665759019741


801008 1150469 83.8674033149171
801884 1151358 83.8674033149171


1150469 801008 83.8674033149171
1151358 801884 83.8674033149171


362262 489081 83.8872104733132
363212 490066 83.8872104733132


489081 362262 83.8872104733132
490066 363212 83.8872104733132


1191392 1269281 83.9104954714971
1193205 1271130 83.9104954714971


1269281 1191392 83.9104954714971
1271130 1193205 83.9104954714971


361415 1269310 83.9160839160839
363212 1271130 83.9160839160839


1269310 361415 83.9160839160839
1271130 363212 83.9160839160839


885234 1342563 83.9177750906892
886058 1343299 83.9177750906892


1342563 885234 83.9177750906892
1343299 886058 83.9177750906892


312508 1001746 83.9258114374034
313137 1002379 83.9258114374034


1001746 312508 83.9258114374034
1002379 313137 83.9258114374034


633020 1077055 83.9335180055402
634436 1078470 83.9335180055402


1077055 633020 83.9335180055402
1078470 634436 83.9335180055402


739833 848857 83.9396628216504
742048 851068 83.9396628216504


848857 739833 83.9396628216504
851068 742048 83.9396628216504


1077055 1152910 83.9572192513369
1077413 1153272 83.9572192513369


1152910 1077055 83.9572192513369
1153272 1077413 83.9572192513369


559833 702217 83.9590443686007
561279 703672 83.9590443686007


702217 559833 83.9590443686007
703672 561279 83.9590443686007


312508 579956 83.9813374805599
313137 580584 83.9813374805599


579956 312508 83.9813374805599
580584 313137 83.9813374805599


631341 653697 84.0290381125227
631890 654235 84.0290381125227


653697 631341 84.0290381125227
654235 631890 84.0290381125227


312508 633195 84.0490797546012
313137 633828 84.0490797546012


633195 312508 84.0490797546012
633828 313137 84.0490797546012


800981 1191392 84.0688912809473
801884 1192303 84.0688912809473


1191392 800981 84.0688912809473
1192303 801884 84.0688912809473


312508 714074 84.0735068912711
313137 714707 84.0735068912711


714074 312508 84.0735068912711
714707 313137 84.0735068912711


702217 849615 84.1095890410959
703672 851056 84.1095890410959


849615 702217 84.1095890410959
851056 703672 84.1095890410959


653697 884330 84.1637010676157
654258 884884 84.1637010676157


884330 653697 84.1637010676157
884884 654258 84.1637010676157


456081 579856 84.1820151679307
456957 580757 84.1820151679307


579856 456081 84.1820151679307
580757 456957 84.1820151679307


345390 1227874 84.1880341880342
347008 1229478 84.1880341880342


1227874 345390 84.1880341880342
1229478 347008 84.1880341880342


1229464 1317084 84.2007434944238
1229995 1317621 84.2007434944238


1317084 1229464 84.2007434944238
1317621 1229995 84.2007434944238


345390 1077263 84.2009685230024
347008 1078889 84.2009685230024


1077263 345390 84.2009685230024
1078889 347008 84.2009685230024


1001718 1227818 84.2081241442264
1003871 1229965 84.2081241442264


1227818 1001718 84.2081241442264
1229965 1003871 84.2081241442264


653701 799340 84.2105263157895
654561 800230 84.2105263157895


799340 653701 84.2105263157895
800230 654561 84.2105263157895


801006 490942 84.2364532019704
801402 491333 84.2364532019704


566466 865335 84.2377260981912
566838 865713 84.2377260981912


865335 566466 84.2377260981912
865713 566838 84.2377260981912


345554 569139 84.2424242424242
346191 569789 84.2424242424242


455974 742769 84.2424242424242
457746 744540 84.2424242424242


569139 345554 84.2424242424242
569789 346191 84.2424242424242


742769 455974 84.2424242424242
744540 457746 84.2424242424242


848712 950131 84.2434347644852
851068 952498 84.2434347644852


950131 848712 84.2434347644852
952498 851068 84.2434347644852


1152882 1191392 84.25
1153272 1191774 84.25


1191392 1152882 84.25
1191774 1153272 84.25


463423 1317087 84.2990654205608
463952 1317621 84.2990654205608


1317087 463423 84.2990654205608
1317621 463952 84.2990654205608


1762305 1762305 84.3023255813954
1762648 1762648 84.3023255813954


579856 1077133 84.3198992443325
581418 1078697 84.3198992443325


1077133 579856 84.3198992443325
1078697 581418 84.3198992443325


1227642 1269283 84.3418259023355
1229478 1271130 84.3418259023355


1269283 1227642 84.3418259023355
1271130 1229478 84.3418259023355


345390 361621 84.3551797040169
346784 363019 84.3551797040169


361621 345390 84.3551797040169
363019 346784 84.3551797040169


739886 1001719 84.356525693497
742048 1003871 84.356525693497


1001719 739886 84.356525693497
1003871 742048 84.356525693497


403652 1192311 84.375
404617 1193296 84.375


1192311 403652 84.375
1193296 404617 84.375


633020 1150469 84.3949044585987
633941 1151388 84.3949044585987


1001718 1077206 84.3949044585987
1003871 1079370 84.3949044585987


1077206 1001718 84.3949044585987
1079370 1003871 84.3949044585987


1150469 633020 84.3949044585987
1151388 633941 84.3949044585987


790956 1317084 84.4155844155844
791489 1317621 84.4155844155844


1317084 790956 84.4155844155844
1317621 791489 84.4155844155844


797926 1134059 84.42280945758
800053 1136171 84.42280945758


1134059 797926 84.42280945758
1136171 800053 84.42280945758


1150469 1269310 84.4279661016949
1151388 1270235 84.4279661016949


1269310 1150469 84.4279661016949
1270235 1151388 84.4279661016949


580076 759344 84.4638949671772
581423 760698 84.4638949671772


759344 580076 84.4638949671772
760698 581423 84.4638949671772


702217 798780 84.4886753603295
703671 800223 84.4886753603295


798780 702217 84.4886753603295
800223 703671 84.4886753603295


653697 1002975 84.4987363100253
654853 1004155 84.4987363100253


1002975 653697 84.4987363100253
1004155 654853 84.4987363100253


633379 1155954 84.4990548204159
634436 1156968 84.4990548204159


1155954 633379 84.4990548204159
1156968 634436 84.4990548204159


490942 742799 84.5
491333 743195 84.5


742799 490942 84.5
743195 491333 84.5


800985 401175 84.5070422535211
801884 402073 84.5070422535211


401175 800985 84.5238095238095
402073 801884 84.5238095238095


362267 702217 84.5417236662107
363688 703672 84.5417236662107


702217 362267 84.5417236662107
703672 363688 84.5417236662107


580144 1155963 84.5433255269321
581423 1157200 84.5433255269321


1155963 580144 84.5433255269321
1157200 581423 84.5433255269321


345390 401404 84.54481298518
346784 402792 84.54481298518


401404 345390 84.54481298518
402792 346784 84.54481298518


456351 1269695 84.5578231292517
457808 1271130 84.5578231292517


1269695 456351 84.5578231292517
1271130 457808 84.5578231292517


403478 1315916 84.5719661335842
404519 1316956 84.5719661335842


1315916 403478 84.5719661335842
1316956 404519 84.5719661335842


403478 456739 84.5758354755784
404617 457899 84.5758354755784


456739 403478 84.5758354755784
457899 404617 84.5758354755784


744679 1193299 84.6153846153846
745065 1193687 84.6153846153846


1193299 744679 84.6153846153846
1193687 745065 84.6153846153846


1077055 1269310 84.6195069667739
1078889 1271130 84.6195069667739


1269310 1077055 84.6195069667739
1271130 1078889 84.6195069667739


368760 1227712 84.6335697399527
370433 1229356 84.6335697399527


1227712 368760 84.6335697399527
1229356 370433 84.6335697399527


790846 1267911 84.6449136276392
791861 1268948 84.6449136276392


1267911 790846 84.6449136276392
1268948 791861 84.6449136276392


780707 801116 84.6641318124208
781481 801878 84.6641318124208


801116 780707 84.6641318124208
801878 781481 84.6641318124208


800961 950132 84.6715328467153
801884 951069 84.6715328467153


950132 800961 84.6715328467153
951069 801884 84.6715328467153


654146 1093823 84.6733668341708
654913 1094615 84.6733668341708


1093823 654146 84.6733668341708
1094615 654913 84.6733668341708


566466 1152910 84.6774193548387
566822 1153272 84.6774193548387


1152910 566466 84.6774193548387
1153272 566822 84.6774193548387


402036 702218 84.6814602720114
403397 703608 84.6814602720114


702218 402036 84.6814602720114
703608 403397 84.6814602720114


950328 1001718 84.6887778282599
952498 1003871 84.6887778282599


1001718 950328 84.6887778282599
1003871 952498 84.6887778282599


312508 1080367 84.6986089644513
313137 1081000 84.6986089644513


1080367 312508 84.6986089644513
1081000 313137 84.6986089644513


846590 1134951 84.7011952191235
847837 1136177 84.7011952191235


1134951 846590 84.7011952191235
1136177 847837 84.7011952191235


742751 950131 84.7096430474161
744579 951992 84.7096430474161


950131 742751 84.7096430474161
951992 744579 84.7096430474161


780707 1153018 84.7328244274809
780953 1153272 84.7328244274809


1153018 780707 84.7328244274809
1153272 780953 84.7328244274809


742801 1315153 84.7374179431072
744580 1316949 84.7374179431072


1315153 742801 84.7374179431072
1316949 744580 84.7374179431072


1080165 1227642 84.7378277153558
1081215 1228674 84.7378277153558


1227642 1080165 84.7378277153558
1228674 1081215 84.7378277153558


312508 1266396 84.7457627118644
313137 1267014 84.7457627118644


1266396 312508 84.7457627118644
1267014 313137 84.7457627118644


566466 742801 84.7769028871391
566838 743178 84.7769028871391


742801 566466 84.7769028871391
743178 566838 84.7769028871391


676298 1001718 84.7908745247148
676546 1001974 84.7908745247148


1001718 676298 84.7908745247148
1001974 676546 84.7908745247148


742815 1077071 84.7969264544457
744580 1078871 84.7969264544457


1077071 742815 84.7969264544457
1078871 744580 84.7969264544457


345502 1150785 84.8039215686274
346098 1151388 84.8039215686274


1150785 345502 84.8039215686274
1151388 346098 84.8039215686274


345390 739941 84.8154869933454
347008 741564 84.8154869933454


739941 345390 84.8154869933454
741564 347008 84.8154869933454


759344 1269604 84.8174247277386
760885 1271130 84.8174247277386


1269604 759344 84.8174247277386
1271130 760885 84.8174247277386


713899 1150469 84.8195329087049
714819 1151388 84.8195329087049


1150469 713899 84.8195329087049
1151388 714819 84.8195329087049


1001718 1315302 84.8288075560803
1003388 1316956 84.8288075560803


1315302 1001718 84.8288075560803
1316956 1003388 84.8288075560803


780713 1269424 84.8392036753446
781988 1270693 84.8392036753446


1269424 780713 84.8392036753446
1270693 781988 84.8392036753446


312508 368892 84.8623853211009
313137 369530 84.8623853211009


368892 312508 84.8623853211009
369530 313137 84.8623853211009


800983 1227642 84.8670756646217
801460 1228108 84.8670756646217


1227642 800983 84.8670756646217
1228108 801460 84.8670756646217


579856 950255 84.8713119899561
581423 951824 84.8713119899561


950255 579856 84.8713119899561
951824 581423 84.8713119899561


676246 739833 84.8883048620237
677005 740592 84.8883048620237


739833 676246 84.8883048620237
740592 677005 84.8883048620237


361415 633020 84.8925848925849
362823 634436 84.8925848925849


633020 361415 84.8925848925849
634436 362823 84.8925848925849


361415 742801 84.9044978434997
363019 744382 84.9044978434997


742801 361415 84.9044978434997
744382 363019 84.9044978434997


361491 579856 84.9165596919127
363019 581387 84.9165596919127


579856 361491 84.9165596919127
581387 363019 84.9165596919127


402917 854307 84.9173553719008
403399 854790 84.9173553719008


854307 402917 84.9173553719008
854790 403399 84.9173553719008


739833 801103 84.9196538936959
740626 801884 84.9196538936959


801103 739833 84.9196538936959
801884 740626 84.9196538936959


569261 1137349 84.9340866290019
569789 1137860 84.9340866290019


1137349 569261 84.9340866290019
1137860 569789 84.9340866290019


464675 1150469 84.9447513812155
465390 1151171 84.9447513812155


1150469 464675 84.9447513812155
1151171 465390 84.9447513812155


361415 1152910 84.9462365591398
361771 1153272 84.9462365591398


1152910 361415 84.9462365591398
1153272 361771 84.9462365591398


743076 759319 84.951768488746
744578 760865 84.951768488746


759319 743076 84.951768488746
760865 744578 84.951768488746


490942 633018 84.9753694581281
491333 633415 84.9753694581281


633018 490942 84.9753694581281
633415 491333 84.9753694581281


759344 1080487 84.9865951742627
760080 1081214 84.9865951742627


1080487 759344 84.9865951742627
1081214 760080 84.9865951742627


633019 676148 84.9878934624697
633423 676546 84.9878934624697


676148 633019 84.9878934624697
676546 633423 84.9878934624697


579877 739833 84.9936143039591
581416 741370 84.9936143039591


739833 579877 84.9936143039591
741370 581416 84.9936143039591


790862 799651 84.995064165844
791860 800647 84.995064165844


799651 790862 84.995064165844
800647 791860 84.995064165844


452194 545214 85
453089 546109 85


545214 452194 85
546109 453089 85


464675 566466 85.0129198966408
465053 566838 85.0129198966408


566466 464675 85.0129198966408
566838 465053 85.0129198966408


566466 1136847 85.0129198966408
566838 1137224 85.0129198966408


566466 633020 85.0129198966408
566838 633398 85.0129198966408


633020 566466 85.0129198966408
633398 566838 85.0129198966408


1136847 566466 85.0129198966408
1137224 566838 85.0129198966408


368760 1150512 85.0166481687015
369643 1151388 85.0166481687015


1150512 368760 85.0166481687015
1151388 369643 85.0166481687015


579856 1150545 85.0174216027875
580696 1151388 85.0174216027875


1150545 579856 85.0174216027875
1151388 580696 85.0174216027875


403748 579376 85.0210970464135
404217 579843 85.0210970464135


579376 403748 85.0210970464135
579843 404217 85.0210970464135


790847 1003275 85.0406504065041
791459 1003871 85.0406504065041


1003275 790847 85.0406504065041
1003871 791459 85.0406504065041


403478 1228417 85.0515463917526
404617 1229569 85.0515463917526


1228417 403478 85.0515463917526
1229569 404617 85.0515463917526


1080198 1150475 85.0586979722519
1081113 1151388 85.0586979722519


1150475 1080198 85.0586979722519
1151388 1081113 85.0586979722519


1269310 1315153 85.0649350649351
1271117 1316954 85.0649350649351


1315153 1269310 85.0649350649351
1316954 1271117 85.0649350649351


631344 1195954 85.0710900473934
631764 1196375 85.0710900473934


1195954 631344 85.0710900473934
1196375 631764 85.0710900473934


633315 759344 85.0746268656716
634436 760466 85.0746268656716


759344 633315 85.0746268656716
760466 634436 85.0746268656716


455974 632989 85.0785340314136
456341 633362 85.0785340314136


632989 455974 85.0785340314136
633362 456341 85.0785340314136


1149564 1190423 85.0852272727273
1150178 1191126 85.0852272727273


1190423 1149564 85.0852272727273
1191126 1150178 85.0852272727273


403478 630695 85.0899742930591
404616 631854 85.0899742930591


630695 403478 85.0899742930591
631854 404616 85.0899742930591


739833 742896 85.1039260969977
741546 744580 85.1039260969977


742896 739833 85.1039260969977
744580 741546 85.1039260969977


401946 403478 85.1113716295428
402792 404306 85.1113716295428


403478 401946 85.1113716295428
404306 402792 85.1113716295428


312508 848937 85.1226993865031
313137 849570 85.1226993865031


848937 312508 85.1226993865031
849570 313137 85.1226993865031


312621 461895 85.1428571428571
313137 462404 85.1428571428571


461895 312621 85.1428571428571
462404 313137 85.1428571428571


713873 1227642 85.1431658562939
715703 1229451 85.1431658562939


1227642 713873 85.1431658562939
1229451 715703 85.1431658562939


846586 1002460 85.1464435146444
848013 1003871 85.1464435146444


1002460 846586 85.1464435146444
1003871 848013 85.1464435146444


345390 1315359 85.1533742331288
346988 1316947 85.1533742331288


1315359 345390 85.1533742331288
1316947 346988 85.1533742331288


403478 759818 85.1756640959726
404617 760976 85.1756640959726


759818 403478 85.1756640959726
760976 404617 85.1756640959726


362303 846586 85.1835471030518
364515 848808 85.1835471030518


846586 362303 85.1835471030518
848808 364515 85.1835471030518


569218 743234 85.191637630662
569789 743787 85.191637630662


743234 569218 85.191637630662
743787 569789 85.191637630662


676149 848762 85.1941747572815
676546 849165 85.1941747572815


848762 676149 85.1941747572815
849165 676546 85.1941747572815


464650 1227642 85.2
465389 1228355 85.2


1227642 464650 85.2
1228355 465389 85.2


579856 1315229 85.2108244178729
581418 1316775 85.2108244178729


1315229 579856 85.2108244178729
1316775 581418 85.2108244178729


739833 1269405 85.2124645892351
741564 1271130 85.2124645892351


1269405 739833 85.2124645892351
1271130 741564 85.2124645892351


401198 676148 85.2153667054715
402039 677005 85.2153667054715


676148 401198 85.2153667054715
677005 402039 85.2153667054715


456660 883619 85.2180936995154
457890 884825 85.2180936995154


883619 456660 85.2180936995154
884825 457890 85.2180936995154


653700 1267618 85.2189781021898
654235 1268161 85.2189781021898


1267618 653700 85.2189781021898
1268161 654235 85.2189781021898


464673 490942 85.2216748768473
465070 491333 85.2216748768473


490942 464673 85.2216748768473
491333 465070 85.2216748768473


403475 633781 85.2359208523592
404110 634436 85.2359208523592


633781 403475 85.2359208523592
634436 404110 85.2359208523592


1152910 1315153 85.254691689008
1153272 1315509 85.254691689008


1315153 1152910 85.254691689008
1315509 1153272 85.254691689008


759347 1001869 85.2599388379205
760967 1003477 85.2599388379205


1001869 759347 85.2599388379205
1003477 760967 85.2599388379205


403478 740499 85.2739726027397
404617 741655 85.2739726027397


740499 403478 85.2739726027397
741655 404617 85.2739726027397


797926 1150469 85.2754237288136
798848 1151388 85.2754237288136


1150469 797926 85.2754237288136
1151388 798848 85.2754237288136


676265 780713 85.2901484480432
677005 781453 85.2901484480432


780713 676265 85.2901484480432
781453 677005 85.2901484480432


566542 579856 85.2941176470588
566838 580154 85.2941176470588


579856 566542 85.2941176470588
580154 566838 85.2941176470588


2269839 2270354 85.3146853146853
2270115 2270629 85.3146853146853


2270354 2269839 85.3146853146853
2270629 2270115 85.3146853146853


362099 883619 85.3161843515541
363019 884530 85.3161843515541


883619 362099 85.3161843515541
884530 363019 85.3161843515541


312508 798101 85.3211009174312
313137 798735 85.3211009174312


798101 312508 85.3211009174312
798735 313137 85.3211009174312


369611 846586 85.3255587949466
370599 847609 85.3255587949466


846586 369611 85.3255587949466
847609 370599 85.3255587949466


1156354 1315951 85.3273137697517
1157234 1316814 85.3273137697517


1315951 1156354 85.3273137697517
1316814 1157234 85.3273137697517


797900 1227642 85.3344412131284
800270 1230000 85.3344412131284


1227642 797900 85.3344412131284
1230000 800270 85.3344412131284


579853 676220 85.3372434017595
580179 676546 85.3372434017595


676220 579853 85.3372434017595
676546 580179 85.3372434017595


883619 1228338 85.3441295546559
884825 1229560 85.3441295546559


1228338 883619 85.3441295546559
1229560 884825 85.3441295546559


569139 1269688 85.3462157809984
569752 1270296 85.3462157809984


1269688 569139 85.3462157809984
1270296 569752 85.3462157809984


403478 950942 85.3470437017995
404617 952102 85.3470437017995


950942 403478 85.3470437017995
952102 404617 85.3470437017995


629902 742770 85.3606027987083
631746 744580 85.3606027987083


742770 629902 85.3606027987083
744580 631746 85.3606027987083


401346 1001718 85.3658536585366
402792 1003175 85.3658536585366


1001718 401346 85.3658536585366
1003175 402792 85.3658536585366


401270 579853 85.3737113402062
402792 581387 85.3737113402062


579853 401270 85.3737113402062
581387 402792 85.3737113402062


312508 464850 85.3747714808044
313032 465390 85.3747714808044


464850 312508 85.3747714808044
465390 313032 85.3747714808044


1191392 1194418 85.3881278538813
1192026 1195071 85.3881278538813


1194418 1191392 85.3881278538813
1195071 1192026 85.3881278538813


359657 853809 85.4
360156 854308 85.4


853809 359657 85.4
854308 360156 85.4


306025 1191392 85.4047890535918
307756 1193083 85.4047890535918


1191392 306025 85.4047890535918
1193083 307756 85.4047890535918


1150469 1194446 85.4199683042789
1151083 1195072 85.4199683042789


1194446 1150469 85.4199683042789
1195072 1151083 85.4199683042789


676148 1191419 85.4312354312354
677005 1192269 85.4312354312354


1191419 676148 85.4312354312354
1192269 677005 85.4312354312354


1080163 1191392 85.4410201912859
1081088 1192308 85.4410201912859


1191392 1080163 85.4410201912859
1192308 1081088 85.4410201912859


491020 579856 85.4489164086687
491333 580171 85.4489164086687


579856 491020 85.4489164086687
580171 491333 85.4489164086687


799604 1176020 85.4545454545455
799757 1176184 85.4545454545455


1176020 799604 85.4545454545455
1176184 799757 85.4545454545455


1269285 401175 85.4545454545455
1270906 402792 85.4545454545455


401175 1269285 85.4633555420957
402792 1270906 85.4633555420957


883619 950863 85.4721549636804
884825 952093 85.4721549636804


950863 883619 85.4721549636804
952093 884825 85.4721549636804


403478 781360 85.4889589905363
404093 781988 85.4889589905363


781360 403478 85.4889589905363
781988 404093 85.4889589905363


579856 630008 85.4899497487437
581423 631577 85.4899497487437


630008 579856 85.4899497487437
631577 581423 85.4899497487437


580665 846586 85.4972375690608
581387 847304 85.4972375690608


846586 580665 85.4972375690608
847304 581387 85.4972375690608


713994 739833 85.5005753739931
715703 741537 85.5005753739931


739833 713994 85.5005753739931
741537 715703 85.5005753739931


1150469 1266221 85.501066098081
1151388 1267127 85.501066098081


1266221 1150469 85.501066098081
1267127 1151388 85.501066098081


452197 598974 85.5072463768116
453089 599868 85.5072463768116


598974 452197 85.5072463768116
599868 453089 85.5072463768116


950130 1269259 85.5125523012552
952011 1271130 85.5125523012552


1269259 950130 85.5125523012552
1271130 952011 85.5125523012552


633115 739833 85.5126300148588
634436 741145 85.5126300148588


739833 633115 85.5126300148588
741145 634436 85.5126300148588


1391228 1266684 85.5153203342618
1391586 1267020 85.5153203342618


798624 883619 85.520640788663
800235 885228 85.520640788663


883619 798624 85.520640788663
885228 800235 85.520640788663


361458 368760 85.5263157894737
363019 370332 85.5263157894737


368760 361458 85.5263157894737
370332 363019 85.5263157894737


631157 1091585 85.5325914149444
631783 1092212 85.5325914149444


1091585 631157 85.5325914149444
1092212 631783 85.5325914149444


846586 1270203 85.5332629355861
847527 1271130 85.5332629355861


1270203 846586 85.5332629355861
1271130 847527 85.5332629355861


1137407 1228202 85.5365474339036
1138679 1229478 85.5365474339036


1228202 1137407 85.5365474339036
1229478 1138679 85.5365474339036


676639 743277 85.558583106267
677005 743631 85.558583106267


743277 676639 85.558583106267
743631 677005 85.558583106267


461956 1155954 85.5670103092783
463118 1157077 85.5670103092783


566466 1266221 85.5670103092783
566838 1266598 85.5670103092783


1155954 1266579 85.5670103092783
1157077 1267725 85.5670103092783


1155954 461956 85.5670103092783
1157077 463118 85.5670103092783


1266221 566466 85.5670103092783
1266598 566838 85.5670103092783


1266579 1155954 85.5670103092783
1267725 1157077 85.5670103092783


559327 1315494 85.5704697986577
560800 1316956 85.5704697986577


1315494 559327 85.5704697986577
1316956 560800 85.5704697986577


629902 1152880 85.5721393034826
630288 1153272 85.5721393034826


1152880 629902 85.5721393034826
1153272 630288 85.5721393034826


629901 800978 85.5779427359491
630822 801884 85.5779427359491


800978 629901 85.5779427359491
801884 630822 85.5779427359491


759344 798221 85.587734241908
762209 801120 85.587734241908


798221 759344 85.587734241908
801120 762209 85.587734241908


348164 452194 85.6
349037 453064 85.6


452194 348164 85.6
453064 349037 85.6


566466 1194446 85.6020942408377
566838 1194824 85.6020942408377


1194446 566466 85.6020942408377
1194824 566838 85.6020942408377


461894 1150758 85.6025039123631
462517 1151388 85.6025039123631


1150758 461894 85.6025039123631
1151388 462517 85.6025039123631


633020 1315153 85.6028368794326
634404 1316531 85.6028368794326


1315153 633020 85.6028368794326
1316531 634404 85.6028368794326


455974 464645 85.6041131105398
456348 465024 85.6041131105398


464645 455974 85.6041131105398
465024 456348 85.6041131105398


461971 569139 85.6060606060606
462610 569789 85.6060606060606


569139 461971 85.6060606060606
569789 462610 85.6060606060606


630081 1001718 85.6107083100948
631846 1003477 85.6107083100948


1001718 630081 85.6107083100948
1003477 631846 85.6107083100948


363433 546238 85.6134157105031
364515 547365 85.6134157105031


546238 363433 85.6134157105031
547365 364515 85.6134157105031


632970 950131 85.61872909699
634436 951592 85.61872909699


950131 632970 85.61872909699
951592 634436 85.61872909699


336246 1151413 85.6287425149701
336578 1151730 85.6287425149701


1151413 336246 85.6287425149701
1151730 336578 85.6287425149701


306027 1227642 85.6328392246294
307756 1229356 85.6328392246294


1227642 306027 85.6328392246294
1229356 307756 85.6328392246294


312672 559327 85.6540084388186
313137 559788 85.6540084388186


559327 312672 85.6540084388186
559788 313137 85.6540084388186


345390 630138 85.6624319419238
347008 631764 85.6624319419238


630138 345390 85.6624319419238
631764 347008 85.6624319419238


848762 1150469 85.6687898089172
849682 1151388 85.6687898089172


1150469 848762 85.6687898089172
1151388 849682 85.6687898089172


865309 1227642 85.6823266219239
865746 1228073 85.6823266219239


1227642 865309 85.6823266219239
1228073 865746 85.6823266219239


