#-- reverse hits sorted by %sim
0 0 0
0 0 0


3649791 3538377 77.4509803921569
3650086 3538076 77.4509803921569


3538076 3650086 77.5244299674267
3538377 3649791 77.5244299674267


1855194 1870305 79.7260273972603
1855558 1869941 79.7260273972603


1869941 1855558 79.7260273972603
1870305 1855194 79.7260273972603


922428 3464595 82.010582010582
922801 3464219 82.010582010582


3464219 922801 82.010582010582
3464595 922428 82.010582010582


705585 3049773 82.484076433121
705895 3049480 82.484076433121


3049480 705895 82.484076433121
3049773 705585 82.484076433121


163015 235811 83.1325301204819
163466 235314 83.1325301204819


235314 163466 83.1325301204819
235811 163015 83.1325301204819


1339373 4686374 83.984375
1339625 4686127 83.984375


4686127 1339625 83.984375
4686374 1339373 83.984375


1338055 4687539 84.4036697247707
1338268 4687326 84.4036697247707


4687326 1338268 84.4036697247707
4687539 1338055 84.4036697247707


92553 250667 85.0088183421517
93094 250108 85.0088183421517


250108 93094 85.0088183421517
250667 92553 85.0088183421517


1089209 3049810 86.9198312236287
1089444 3049591 86.9198312236287


3049591 1089444 86.9198312236287
3049810 1089209 86.9198312236287


665128 2731882 86.9908015768725
665880 2731125 86.9908015768725


2731125 665880 86.9908015768725
2731882 665128 86.9908015768725


1306926 1563440 87.1331828442438
1307344 1562998 87.1331828442438


1562998 1307344 87.1331828442438
1563440 1306926 87.1331828442438


1306945 1559141 87.2340425531915
1307344 1558719 87.2340425531915


1558719 1307344 87.2340425531915
1559141 1306945 87.2340425531915


162148 237521 87.3239436619718
162492 237167 87.3239436619718


237167 162492 87.3239436619718
237521 162148 87.3239436619718


715190 1870169 87.3563218390805
715362 1869996 87.3563218390805


1869996 715362 87.3563218390805
1870169 715190 87.3563218390805


3061044 4244377 87.5586854460094
3061465 4243956 87.5586854460094


163782 235243 87.69987699877
165383 233682 87.69987699877


233682 165383 87.69987699877
235243 163782 87.69987699877


1163654 1218896 87.8048780487805
1164051 1218489 87.8048780487805


1218489 1164051 87.8048780487805
1218896 1163654 87.8048780487805


4243603 5552665 87.843137254902
4243856 5552412 87.843137254902


5552412 4243856 87.843137254902
5552665 4243603 87.843137254902


715071 3049812 88.0478087649402
715319 3049577 88.0478087649402


3049577 715319 88.0478087649402
3049812 715071 88.0478087649402


1336232 4689472 88.0503144654088
1336548 4689155 88.0503144654088


4689155 1336548 88.0503144654088
4689472 1336232 88.0503144654088


4243956 3061465 88.5286783042394
4244352 3061069 88.5286783042394


2067443 3972642 88.7005649717514
2067619 3972469 88.7005649717514


3972469 2067619 88.7005649717514
3972642 2067443 88.7005649717514


325597 1307353 88.7387387387387
326040 1306933 88.7387387387387


1306933 326040 88.7387387387387
1307353 325597 88.7387387387387


3169535 3331102 89.5522388059701
3170003 3330634 89.5522388059701


3330634 3170003 89.5522388059701
3331102 3169535 89.5522388059701


3169535 3291624 89.5744680851064
3170004 3291155 89.5744680851064


3291155 3170004 89.5744680851064
3291624 3169535 89.5744680851064


3897960 3916858 90
3898138 3916682 90


3916682 3898138 90
3916858 3897960 90


715096 3058952 90.0826446280992
715336 3058717 90.0826446280992


3058717 715336 90.0826446280992
3058952 715096 90.0826446280992


4540134 5552665 90.5882352941177
4540385 5552413 90.5882352941177


665462 4512266 91.4835164835165
665824 4511905 91.4835164835165


4511905 665824 91.4835164835165
4512266 665462 91.4835164835165


3898313 3916533 91.7355371900827
3899263 3915575 91.7355371900827


3915575 3899263 91.7355371900827
3916533 3898313 91.7355371900827


3061014 4243904 91.7763157894737
3061316 4243602 91.7763157894737


5552413 4540385 91.8918918918919
5552596 4540202 91.8918918918919


4539718 5552665 92.0634920634921
4539904 5552478 92.0634920634921


5552478 4539904 92.0634920634921
5552665 4539718 92.0634920634921


90453 252782 92.431311560394
92363 250919 92.431311560394


250919 92363 92.431311560394
252782 90453 92.431311560394


4243602 3061316 92.511013215859
4243828 3061091 92.511013215859


2066835 2068433 92.7860696517413
2068433 2066835 92.7860696517413


1089227 4519525 93.5779816513761
1089444 4519310 93.5779816513761


4519310 1089444 93.5779816513761
4519525 1089227 93.5779816513761


1089226 4536088 93.6073059360731
1089444 4535872 93.6073059360731


4535872 1089444 93.6073059360731
4536088 1089226 93.6073059360731


705583 4519504 94.3089430894309
705823 4519259 94.3089430894309


4519259 705823 94.3089430894309
4519504 705583 94.3089430894309


1049105 3812279 94.4162436548223
1049299 3812083 94.4162436548223


3812083 1049299 94.4162436548223
3812279 1049105 94.4162436548223


155547 662540 94.5205479452055
155692 662396 94.5205479452055


662396 155692 94.5205479452055
662540 155547 94.5205479452055


3061275 3061701 94.6386946386946
3061701 3061275 94.6386946386946


1269116 1516029 95.0354609929078
1269256 1515889 95.0354609929078


1515889 1269256 95.0354609929078
1516029 1269116 95.0354609929078


715090 4519525 95.1310861423221
715351 4519259 95.1310861423221


4519259 715351 95.1310861423221
4519525 715090 95.1310861423221


715071 4536101 96.09375
715326 4535851 96.09375


4535851 715326 96.09375
4536101 715071 96.09375


1846024 1870150 96.6824644549763
1846234 1869940 96.6824644549763


1869940 1846234 96.6824644549763
1870150 1846024 96.6824644549763


1855349 1879596 96.9387755102041
1855544 1879401 96.9387755102041


1879401 1855544 96.9387755102041
1879596 1855349 96.9387755102041


705583 4536066 97.2222222222222
705798 4535851 97.2222222222222


4535851 705798 97.2222222222222
4536066 705583 97.2222222222222


715542 4535612 97.3333333333333
715615 4535538 97.3333333333333


4535538 715615 97.3333333333333
4535612 715542 97.3333333333333


4566664 5353621 97.3333333333333
4566738 5353547 97.3333333333333


5353547 4566738 97.3333333333333
5353621 4566664 97.3333333333333


715539 4519121 97.4358974358974
715615 4519044 97.4358974358974


4519044 715615 97.4358974358974
4519121 715539 97.4358974358974


3169535 3230697 97.4468085106383
3170004 3230228 97.4468085106383


3230228 3170004 97.4468085106383
3230697 3169535 97.4468085106383


1846024 1879596 97.4489795918367
1846219 1879401 97.4489795918367


1879401 1846219 97.4489795918367
1879596 1846024 97.4489795918367


3061014 4540435 97.6138828633406
3061473 4539975 97.6138828633406


4539975 3061473 97.6138828633406
4540435 3061014 97.6138828633406


3061129 4539904 98.3957219251337
3061315 4539718 98.3957219251337


1854880 1870619 98.5185185185185
1855014 1870485 98.5185185185185


1870485 1855014 98.5185185185185
1870619 1854880 98.5185185185185


4539718 3061315 98.8700564971751
4539894 3061139 98.8700564971751


5559460 5560028 98.9473684210526
5560028 5559460 98.9473684210526


2191565 4727920 99.0291262135922
2191667 4727818 99.0291262135922


4727818 2191667 99.0291262135922
4727920 2191565 99.0291262135922


2049807 3753910 99.7510889856876
2051413 3752304 99.7510889856876


3752304 2051413 99.7510889856876
3753910 2049807 99.7510889856876


5559423 5563139 100
5559598 5562964 100


5562964 5559598 100
5563139 5559423 100


