#-- reverse hits sorted by %sim
0 0 0
0 0 0


2011085 1899671 77.4509803921569
2011380 1899370 77.4509803921569


1899370 2011380 77.5244299674267
1899671 2011085 77.5244299674267


216488 231599 79.7260273972603
216852 231235 79.7260273972603


231235 216852 79.7260273972603
231599 216488 79.7260273972603


428737 2333936 88.7005649717514
428913 2333763 88.7005649717514


2333763 428913 88.7005649717514
2333936 428737 88.7005649717514


1530829 1692396 89.5522388059701
1531297 1691928 89.5522388059701


1691928 1531297 89.5522388059701
1692396 1530829 89.5522388059701


1530829 1652918 89.5744680851064
1531298 1652449 89.5744680851064


1652449 1531298 89.5744680851064
1652918 1530829 89.5744680851064


2259254 2278152 90
2259432 2277976 90


2277976 2259432 90
2278152 2259254 90


2259607 2277827 91.7355371900827
2260557 2276869 91.7355371900827


2276869 2260557 91.7355371900827
2277827 2259607 91.7355371900827


428129 429727 92.7860696517413
429727 428129 92.7860696517413


1422569 1422995 94.6386946386946
1422995 1422569 94.6386946386946


207318 231444 96.6824644549763
207528 231234 96.6824644549763


231234 207528 96.6824644549763
231444 207318 96.6824644549763


216643 240890 96.9387755102041
216838 240695 96.9387755102041


240695 216838 96.9387755102041
240890 216643 96.9387755102041


1530829 1591991 97.4468085106383
1531298 1591522 97.4468085106383


1591522 1531298 97.4468085106383
1591991 1530829 97.4468085106383


207318 240890 97.4489795918367
207513 240695 97.4489795918367


240695 207513 97.4489795918367
240890 207318 97.4489795918367


216174 231913 98.5185185185185
216308 231779 98.5185185185185


231779 216308 98.5185185185185
231913 216174 98.5185185185185


411101 2115204 99.7510889856876
412707 2113598 99.7510889856876


2113598 412707 99.7510889856876
2115204 411101 99.7510889856876


