#-- reverse hits sorted by %sim
0 0 0
0 0 0


2404703 2293278 77.4509803921569
2404998 2292977 77.4509803921569


2292977 2404998 77.5244299674267
2293278 2404703 77.5244299674267


225454 240573 77.6073619631902
225779 240248 77.6073619631902


240248 225779 77.6073619631902
240573 225454 77.6073619631902


216130 240573 79.6195652173913
216497 240207 79.6195652173913


240207 216497 79.6195652173913
240573 216130 79.6195652173913


2668077 2688151 87.9171461449942
2668933 2687307 87.9171461449942


2687307 2668933 87.9171461449942
2688151 2668077 87.9171461449942


2646301 2688133 88.1656804733728
2646468 2687966 88.1656804733728


2687966 2646468 88.1656804733728
2688133 2646301 88.1656804733728


1890588 2099571 89.5522388059701
1891056 2099103 89.5522388059701


2099103 1891056 89.5522388059701
2099571 1890588 89.5522388059701


1890588 2060087 89.5744680851064
1891057 2059618 89.5744680851064


1890588 2005572 89.5744680851064
1891057 2005103 89.5744680851064


2005103 1891057 89.5744680851064
2005572 1890588 89.5744680851064


2059618 1891057 89.5744680851064
2060087 1890588 89.5744680851064


468746 470344 93.0348258706468
470344 468746 93.0348258706468


1791629 1792046 95.9427207637232
1792046 1791629 95.9427207637232


1890588 1944632 97.0212765957447
1891057 1944163 97.0212765957447


1944163 1891057 97.0212765957447
1944632 1890588 97.0212765957447


225141 240887 98.5185185185185
225275 240753 98.5185185185185


240753 225275 98.5185185185185
240887 225141 98.5185185185185


451721 2508809 99.5644057249533
453327 2507203 99.5644057249533


2507203 453327 99.5644057249533
2508809 451721 99.5644057249533


