#-- forward hits sorted by %sim
0 0 0
0 0 0


999131 999131 57.2178477690289
999511 999511 57.2178477690289


5878134 5878134 59.9045346062053
5878552 5878552 59.9045346062053


714354 714354 60.4519774011299
714530 714530 60.4519774011299


956592 956592 61.8357487922705
956798 956798 61.8357487922705


115129 2201051 62.1052631578947
115318 2201240 62.1052631578947


2201051 115129 62.1052631578947
2201240 115318 62.1052631578947


115129 2191727 62.303664921466
115318 2191917 62.303664921466


2191727 115129 62.303664921466
2191917 115318 62.303664921466


5252644 5252644 62.7272727272727
5252863 5252863 62.7272727272727


109076 109076 68.4579439252336
109503 109503 68.4579439252336


115116 115116 68.5990338164251
115322 115322 68.5990338164251


20361 20361 68.8372093023256
20575 20575 68.8372093023256


742418 742418 70.2830188679245
742629 742629 70.2830188679245


6035021 6035021 70.6806282722513
6035211 6035211 70.6806282722513


3071582 3071582 71.1111111111111
3071761 3071761 71.1111111111111


1008543 1008543 71.5867158671587
1008813 1008813 71.5867158671587


3812290 3812290 72.8070175438597
3812517 3812517 72.8070175438597


4745621 4745621 73.1914893617021
4745855 4745855 73.1914893617021


3428014 3428014 73.2673267326733
3428316 3428316 73.2673267326733


6345251 6345251 73.5849056603774
6345462 6345462 73.5849056603774


2542700 2961874 73.7226277372263
2542961 2962146 73.7226277372263


4639842 4639842 73.8970588235294
4640113 4640113 73.8970588235294


737544 737544 73.992673992674
737816 737816 73.992673992674


2542700 2935866 73.992673992674
2542961 2936137 73.992673992674


2935866 2542700 73.992673992674
2936137 2542961 73.992673992674


567551 567551 74.1100323624595
567859 567859 74.1100323624595


3400391 2818073 74.4588744588745
3400621 2818293 74.4588744588745


3338293 3011681 75.2711496746204
3338741 3012138 75.2711496746204


1468703 1628553 75.5747126436782
1469050 1628896 75.5747126436782


1628553 1468703 75.5747126436782
1628896 1469050 75.5747126436782


3251209 3677948 75.8099352051836
3251670 3678322 75.8099352051836


3677948 3251209 75.8099352051836
3678322 3251670 75.8099352051836


2827813 2980181 76.1376248612653
2828679 2981077 76.1376248612653


2980181 2827813 76.1376248612653
2981077 2828679 76.1376248612653


5773341 5773341 76.2068965517241
5773630 5773630 76.2068965517241


340969 370034 76.2096774193548
341169 370273 76.2096774193548


370034 340969 76.2096774193548
370273 341169 76.2096774193548


5891028 5891028 76.3285024154589
5891234 5891234 76.3285024154589


2720377 3678007 76.3636363636364
2720870 3678410 76.3636363636364


2836266 3678007 76.3636363636364
2836759 3678410 76.3636363636364


3678007 2720377 76.3636363636364
3678410 2720870 76.3636363636364


3678007 2836266 76.3636363636364
3678410 2836759 76.3636363636364


2686109 2980181 76.4182424916574
2686975 2981077 76.4182424916574


2980181 2686109 76.4182424916574
2981077 2686975 76.4182424916574


3913928 3980496 76.555023923445
3914135 3980699 76.555023923445


3980496 3913928 76.555023923445
3980699 3914135 76.555023923445


2191726 2201050 76.8996960486322
2192054 2201377 76.8996960486322


2201050 2191726 76.8996960486322
2201377 2192054 76.8996960486322


3024670 3395906 77.088948787062
3025394 3396627 77.088948787062


3395906 3024670 77.088948787062
3396627 3025394 77.088948787062


3913928 4035011 77.511961722488
3914135 4035214 77.511961722488


4035011 3913928 77.511961722488
4035214 3914135 77.511961722488


1971697 1971697 77.5401069518716
1972070 1972070 77.5401069518716


5580208 5580208 77.5449101796407
5580541 5580541 77.5449101796407


853385 853385 77.7408637873754
853685 853685 77.7408637873754


2419015 2712513 77.7594728171334
2419618 2713075 77.7594728171334


2712513 2419015 77.7594728171334
2713075 2419618 77.7594728171334


6259138 6259138 77.9310344827586
6259427 6259427 77.9310344827586


3948093 4002849 78
3948442 4003198 78


4002849 3948093 78
4003198 3948442 78


2420625 2961874 78.0290791599354
2421227 2962486 78.0290791599354


2961874 2420625 78.0290791599354
2962486 2421227 78.0290791599354


2420625 2935866 78.1553398058252
2421227 2936477 78.1553398058252


2935866 2420625 78.1553398058252
2936477 2421227 78.1553398058252


2379153 2712513 78.1844802342606
2379832 2713151 78.1844802342606


2712513 2379153 78.1844802342606
2713151 2379832 78.1844802342606


3908247 3908247 78.2234957020057
3908595 3908595 78.2234957020057


3380156 3395890 78.25311942959
3380694 3396433 78.25311942959


3395890 3380156 78.25311942959
3396433 3380694 78.25311942959


2712561 3395998 78.2677165354331
2713151 3396627 78.2677165354331


3395998 2712561 78.2677165354331
3396627 2713151 78.2677165354331


2712282 2852511 78.2850779510022
2713137 2853407 78.2850779510022


2852511 2712282 78.2850779510022
2853407 2713137 78.2850779510022


3948093 3948093 78.2857142857143
3948442 3948442 78.2857142857143


4002849 4002849 78.2857142857143
4003198 4003198 78.2857142857143


6238469 6238469 78.3783783783784
6238838 6238838 78.3783783783784


2712579 2961874 78.4440842787682
2713151 2962486 78.4440842787682


2961874 2712579 78.4440842787682
2962486 2713151 78.4440842787682


2841275 2981827 78.5471055618615
2842133 2982670 78.5471055618615


2981827 2841275 78.5471055618615
2982670 2842133 78.5471055618615


2593379 2961878 78.5483870967742
2593982 2962486 78.5483870967742


2961878 2593379 78.5483870967742
2962486 2593982 78.5483870967742


2712579 2935866 78.5714285714286
2713151 2936477 78.5714285714286


2935866 2712579 78.5714285714286
2936477 2713151 78.5714285714286


5532302 5532302 78.5714285714286
5532623 5532623 78.5714285714286


3028331 3630582 78.6184210526316
3028634 3630884 78.6184210526316


3630582 3028331 78.6184210526316
3630884 3028634 78.6184210526316


2593379 2935870 78.6752827140549
2593982 2936477 78.6752827140549


2935870 2593379 78.6752827140549
2936477 2593982 78.6752827140549


2980627 3338293 78.7610619469027
2981077 3338741 78.7610619469027


3338293 2980627 78.7610619469027
3338741 2981077 78.7610619469027


2712282 2761450 78.8418708240534
2713137 2762346 78.8418708240534


2761450 2712282 78.8418708240534
2762346 2713137 78.8418708240534


5700745 5700745 78.9137380191693
5701057 5701057 78.9137380191693


2935691 3380081 78.9147286821705
2936293 3380705 78.9147286821705


3380081 2935691 78.9147286821705
3380705 2936293 78.9147286821705


2961699 3380081 78.9473684210526
2962302 3380705 78.9473684210526


3380081 2961699 78.9473684210526
3380705 2962302 78.9473684210526


2961878 3024799 78.9559543230016
2962486 3025394 78.9559543230016


3024799 2961878 78.9559543230016
3025394 2962486 78.9559543230016


5379679 5379679 79.0393013100437
5379907 5379907 79.0393013100437


6392640 6392640 79.0496760259179
6393102 6393102 79.0496760259179


1382246 1382246 79.0523690773067
1382646 1382646 79.0523690773067


2935870 3024799 79.0849673202614
2936477 3025394 79.0849673202614


3024799 2935870 79.0849673202614
3025394 2936477 79.0849673202614


2147381 2147381 79.2713567839196
2148176 2148176 79.2713567839196


2712279 3011230 79.7579757975798
2713143 3012133 79.7579757975798


3011230 2712279 79.7579757975798
3012133 2713143 79.7579757975798


2712282 3473993 79.8687089715536
2713151 3474900 79.8687089715536


3473993 2712282 79.8687089715536
3474900 2713151 79.8687089715536


1962429 1962429 79.9031476997579
1962841 1962841 79.9031476997579


2479251 2712282 80
2480165 2713151 80


2712282 2479251 80
2713151 2480165 80


2512716 2712282 80.0875273522976
2513619 2713151 80.0875273522976


2712282 2512716 80.0875273522976
2713151 2513619 80.0875273522976


2201050 2201050 80.1829268292683
2201377 2201377 80.1829268292683


2712282 2799841 80.2414928649835
2713151 2800745 80.2414928649835


2799841 2712282 80.2414928649835
2800745 2713151 80.2414928649835


2712282 2886167 80.351262349067
2713151 2887071 80.351262349067


2886167 2712282 80.351262349067
2887071 2713151 80.351262349067


2818011 2888158 80.4195804195804
2818293 2888425 80.4195804195804


2888158 2818011 80.4195804195804
2888425 2818293 80.4195804195804


176931 6080274 80.4597701149425
177272 6080614 80.4597701149425


6080274 176931 80.4597701149425
6080614 177272 80.4597701149425


2419871 3437304 80.5035971223022
2421220 3438680 80.5035971223022


3437304 2419871 80.5475504322767
3438680 2421220 80.5475504322767


2419193 3633966 80.6526806526807
2419618 3634394 80.6526806526807


3633966 2419193 80.6526806526807
3634394 2419618 80.6526806526807


5881219 5881219 80.6779661016949
5881513 5881513 80.6779661016949


2801792 2818011 80.7692307692308
2802059 2818293 80.7692307692308


2818011 2801792 80.7692307692308
2818293 2802059 80.7692307692308


2479609 3028632 80.7909604519774
2480311 3029339 80.7909604519774


3028632 2479609 80.7909604519774
3029339 2480311 80.7909604519774


1881841 2835822 80.8988764044944
1882282 2836263 80.8988764044944


1881841 2719933 80.8988764044944
1882282 2720374 80.8988764044944


2719933 1881841 80.8988764044944
2720374 1882282 80.8988764044944


2835822 1881841 80.8988764044944
2836263 1882282 80.8988764044944


124189 124189 80.9384164222874
124529 124529 80.9384164222874


2697183 3391911 81.057268722467
2697409 3392132 81.057268722467


2838901 3391911 81.057268722467
2839127 3392132 81.057268722467


3391911 2838901 81.057268722467
3392132 2839127 81.057268722467


3391911 2697183 81.057268722467
3392132 2697409 81.057268722467


1877560 2719933 81.0747663551402
1877984 2720357 81.0747663551402


1877560 2835822 81.0747663551402
1877984 2836246 81.0747663551402


2719933 1877560 81.0747663551402
2720357 1877984 81.0747663551402


2835822 1877560 81.0747663551402
2836246 1877984 81.0747663551402


2419697 3134258 81.0828025477707
2421227 3135805 81.0828025477707


3134258 2419697 81.0828025477707
3135805 2421227 81.0828025477707


2419694 2888598 81.1149032992036
2421430 2890316 81.1149032992036


2888598 2419694 81.1149032992036
2890316 2421430 81.1149032992036


2852668 3395891 81.2415654520918
2853407 3396615 81.2415654520918


3395891 2852668 81.2415654520918
3396615 2853407 81.2415654520918


439755 439755 81.2680115273775
440101 440101 81.2680115273775


2601831 3400408 81.2785388127854
2602480 3401047 81.2785388127854


3400408 2601831 81.2785388127854
3401047 2602480 81.2785388127854


2419697 2472964 81.3494589433482
2421227 2474523 81.3494589433482


2472964 2419697 81.3494589433482
2474523 2421227 81.3494589433482


3763723 3754333 81.3636363636364
3763939 3754541 81.3636363636364


2761856 3633963 81.3765182186235
2762346 3634456 81.3765182186235


2852917 3633963 81.3765182186235
2853407 3634456 81.3765182186235


3633963 2852917 81.3765182186235
3634456 2853407 81.3765182186235


3633963 2761856 81.3765182186235
3634456 2762346 81.3765182186235


2841536 2904353 81.438127090301
2842133 2904949 81.438127090301


2904353 2841536 81.438127090301
2904949 2842133 81.438127090301


4858504 4858504 81.4814814814815
4858827 4858827 81.4814814814815


2419697 2799196 81.4885496183206
2421227 2800745 81.4885496183206


2799196 2419697 81.4885496183206
2800745 2421227 81.4885496183206


3057894 3322213 81.4927184466019
3059499 3323836 81.4927184466019


3322213 3057894 81.4927184466019
3323836 3059499 81.4927184466019


2732457 3391911 81.4977973568282
2732683 3392132 81.4977973568282


3391911 2732457 81.4977973568282
3392132 2732683 81.4977973568282


2734731 2981827 81.5366972477064
2735588 2982670 81.5366972477064


2981827 2734731 81.5366972477064
2982670 2735588 81.5366972477064


2419697 3185010 81.5923566878981
2421227 3186564 81.5923566878981


3185010 2419697 81.5923566878981
3186564 2421227 81.5923566878981


1387731 1647356 81.6371681415929
1388178 1647786 81.6371681415929


1647356 1387731 81.6371681415929
1647786 1388178 81.6371681415929


2761607 3395891 81.6464237516869
2762346 3396615 81.6464237516869


3395891 2761607 81.6464237516869
3396615 2762346 81.6464237516869


3010711 2419821 81.6724738675958
3012133 2421220 81.6724738675958


2419821 3010711 81.6852367688022
2421220 3012133 81.6852367688022


95635 95635 81.6901408450704
95989 95989 81.6901408450704


3391911 3557090 81.7021276595745
3392138 3557320 81.7021276595745


3557090 3391911 81.7021276595745
3557320 3392138 81.7021276595745


2472205 2981802 81.7204301075269
2473091 2982704 81.7204301075269


2981802 2472205 81.7204301075269
2982704 2473091 81.7204301075269


2468495 3317804 81.7307692307692
2469314 3318635 81.7307692307692


3317804 2468495 81.7307692307692
3318635 2469314 81.7307692307692


2379328 3633963 81.7843866171004
2379862 3634498 81.7843866171004


3400391 3439792 81.7843866171004
3400659 3440060 81.7843866171004


3439792 3400391 81.7843866171004
3440060 3400659 81.7843866171004


3633963 2379328 81.7843866171004
3634498 2379862 81.7843866171004


2697183 2795227 81.8181818181818
2697402 2795446 81.8181818181818


2732457 2795227 81.8181818181818
2732676 2795446 81.8181818181818


2795227 2732457 81.8181818181818
2795446 2732676 81.8181818181818


2795227 2697183 81.8181818181818
2795446 2697402 81.8181818181818


2795227 2838901 81.8181818181818
2795446 2839120 81.8181818181818


2838901 2795227 81.8181818181818
2839120 2795446 81.8181818181818


2597334 3028075 81.8661971830986
2597901 3028634 81.8661971830986


3028075 2597334 81.8661971830986
3028634 2597901 81.8661971830986


1471785 1647356 81.8725099601594
1472279 1647835 81.8725099601594


1647356 1471785 81.8725099601594
1647835 1472279 81.8725099601594


2803775 3677673 81.8840579710145
2804599 3678410 81.8840579710145


3677673 2803775 81.8840579710145
3678410 2804599 81.8840579710145


2665623 3436385 81.9112627986348
2667067 3437779 81.9112627986348


3436385 2665623 81.9112627986348
3437779 2667067 81.9112627986348


2699693 3246197 81.9277108433735
2699935 3246442 81.9277108433735


3246197 2699693 81.9277108433735
3246442 2699935 81.9277108433735


6146322 6146322 81.9571865443425
6146648 6146648 81.9571865443425


2761531 2935691 81.9852941176471
2762346 2936464 81.9852941176471


2935691 2761531 81.9852941176471
2936464 2762346 81.9852941176471


2419786 2851953 82.0109439124487
2421214 2853407 82.0109439124487


2851953 2419786 82.0109439124487
2853407 2421214 82.0109439124487


2761531 2961699 82.1078431372549
2762346 2962473 82.1078431372549


2961699 2761531 82.1078431372549
2962473 2762346 82.1078431372549


2890119 3677673 82.1256038647343
2890943 3678410 82.1256038647343


3677673 2890119 82.1256038647343
3678410 2890943 82.1256038647343


2419694 2802232 82.1753986332574
2421430 2803972 82.1753986332574


2802232 2419694 82.1753986332574
2803972 2421430 82.1753986332574


2419697 2512067 82.2406110757479
2421227 2513619 82.2406110757479


2512067 2419697 82.2406110757479
2513619 2421227 82.2406110757479


2592013 3472945 82.2677322677323
2593982 3474900 82.2677322677323


3472945 2592013 82.2677322677323
3474900 2593982 82.2677322677323


2328708 2888039 82.2884012539185
2329338 2888645 82.2884012539185


2888039 2328708 82.2884012539185
2888645 2329338 82.2884012539185


1421206 1652658 82.3308270676692
1421467 1652921 82.3308270676692


1652658 1421206 82.3308270676692
1652921 1421467 82.3308270676692


2419786 2760892 82.3529411764706
2421214 2762346 82.3529411764706


2760892 2419786 82.3529411764706
2762346 2421214 82.3529411764706


2514372 2599158 82.3684210526316
2514741 2599523 82.3684210526316


2599158 2514372 82.3684210526316
2599523 2514741 82.3684210526316


2405756 2697200 82.3809523809524
2405965 2697409 82.3809523809524


2405756 2732474 82.3809523809524
2405965 2732683 82.3809523809524


2405756 2838918 82.3809523809524
2405965 2839127 82.3809523809524


2697200 2405756 82.3809523809524
2697409 2405965 82.3809523809524


2732474 2405756 82.3809523809524
2732683 2405965 82.3809523809524


2838918 2405756 82.3809523809524
2839127 2405965 82.3809523809524


3246192 3378739 82.4850299401198
3248165 3380710 82.4850299401198


3378739 3246192 82.4850299401198
3380710 3248165 82.4850299401198


2592013 3321869 82.5436408977556
2593982 3323841 82.5436408977556


3321869 2592013 82.5436408977556
3323841 2593982 82.5436408977556


2419700 3322294 82.5781748564135
2421227 3323841 82.5781748564135


3322294 2419700 82.5781748564135
3323841 2421227 82.5781748564135


2981828 3321526 82.6039387308534
2982704 3322418 82.6039387308534


3321526 2981828 82.6039387308534
3322418 2982704 82.6039387308534


753238 754380 82.6219512195122
753563 754695 82.6219512195122


754380 753238 82.6219512195122
754695 753563 82.6219512195122


1281275 1281275 82.6219512195122
1281602 1281602 82.6219512195122


2468418 2881382 82.6377295492487
2469015 2881979 82.6377295492487


2468418 2794631 82.6377295492487
2469015 2795227 82.6377295492487


2794631 2468418 82.6377295492487
2795227 2469015 82.6377295492487


2881382 2468418 82.6377295492487
2881979 2469015 82.6377295492487


2328708 2801673 82.65625
2329338 2802279 82.65625


2801673 2328708 82.65625
2802279 2329338 82.65625


3023424 3436742 82.6913456728364
3025394 3438685 82.6913456728364


3436742 3023424 82.6913456728364
3438685 3025394 82.6913456728364


2698761 3630582 82.7067669172932
2699159 3630979 82.7067669172932


2840492 3630582 82.7067669172932
2840890 3630979 82.7067669172932


3630582 2698761 82.7067669172932
3630979 2699159 82.7067669172932


3630582 2840492 82.7067669172932
3630979 2840890 82.7067669172932


6164794 6171977 82.7083333333333
6165273 6172386 82.7083333333333


6171977 6164794 82.7083333333333
6172386 6165273 82.7083333333333


3246191 3632179 82.7102803738318
3247857 3633835 82.7102803738318


3632179 3246191 82.7102803738318
3633835 3247857 82.7102803738318


2292696 2888039 82.7160493827161
2292928 2888279 82.7160493827161


2472201 2887832 82.7233584499462
2474015 2889620 82.7233584499462


2887832 2472201 82.7233584499462
2889620 2474015 82.7233584499462


2405756 3557107 82.7272727272727
2405973 3557320 82.7272727272727


3557107 2405756 82.7272727272727
3557320 2405973 82.7272727272727


2841425 3246191 82.7450980392157
2841674 3246442 82.7450980392157


3246191 2841425 82.7450980392157
3246442 2841674 82.7450980392157


3025400 3677673 82.7503015681544
3026226 3678410 82.7503015681544


3677673 3025400 82.7503015681544
3678410 3026226 82.7503015681544


3023424 3472935 82.7586206896552
3025394 3474900 82.7586206896552


3439436 3321526 82.7586206896552
3440060 3322141 82.7586206896552


3472935 3023424 82.7586206896552
3474900 3025394 82.7586206896552


2696953 3556860 82.7956989247312
2697413 3557320 82.7956989247312


3556860 2696953 82.7956989247312
3557320 2697413 82.7956989247312


2697183 2881979 82.8054298642534
2697403 2882199 82.8054298642534


2732457 2881979 82.8054298642534
2732677 2882199 82.8054298642534


2838901 2881979 82.8054298642534
2839121 2882199 82.8054298642534


2881979 2838901 82.8054298642534
2882199 2839121 82.8054298642534


2881979 2732457 82.8054298642534
2882199 2732677 82.8054298642534


2881979 2697183 82.8054298642534
2882199 2697403 82.8054298642534


2328708 3586328 82.8267477203648
2329338 3586966 82.8267477203648


3586328 2328708 82.8267477203648
3586966 2329338 82.8267477203648


3011638 3633963 82.8358208955224
3012168 3634498 82.8358208955224


3633963 3011638 82.8358208955224
3634498 3012168 82.8358208955224


2328737 2361490 82.843137254902
2329338 2362088 82.843137254902


2361490 2328737 82.843137254902
2362088 2329338 82.843137254902


2324533 3677673 82.8709288299156
2325360 3678410 82.8709288299156


3677673 2324533 82.8709288299156
3678410 2325360 82.8709288299156


2378308 2419697 82.8711256117455
2379491 2420884 82.8711256117455


2419697 2378308 82.8711256117455
2420884 2379491 82.8711256117455


1470397 1630150 82.9268292682927
1471181 1630966 82.9268292682927


1630150 1470397 82.9268292682927
1630966 1471181 82.9268292682927


3023424 3321859 82.934131736527
3025394 3323841 82.934131736527


3321859 3023424 82.934131736527
3323841 3025394 82.934131736527


340629 369475 82.9365079365079
340866 369712 82.9365079365079


369475 340629 82.9365079365079
369712 340866 82.9365079365079


2886765 3028878 82.9365079365079
2887263 3029339 82.9365079365079


3028878 2886765 82.9365079365079
3029339 2887263 82.9365079365079


2328708 2841453 82.9383886255924
2329338 2842084 82.9383886255924


2841453 2328708 82.9383886255924
2842084 2329338 82.9383886255924


2798531 3039701 82.9855537720706
2799115 3040315 82.9855537720706


3039701 2798531 82.9855537720706
3040315 2799115 82.9855537720706


2361490 3632236 82.9903147699758
2363088 3633826 82.9903147699758


3632236 2361490 82.9903147699758
3633826 2363088 82.9903147699758


2514377 2521149 83
2514766 2521534 83


2521149 2514377 83
2521534 2514766 83


3010711 3023976 83.008356545961
3012138 3025394 83.008356545961


3023976 3010711 83.008356545961
3025394 3012138 83.008356545961


2732226 3556860 83.010752688172
2732687 3557320 83.010752688172


2838670 3556860 83.010752688172
2839131 3557320 83.010752688172


3556860 2838670 83.010752688172
3557320 2839131 83.010752688172


3556860 2732226 83.010752688172
3557320 2732687 83.010752688172


2886573 3633963 83.0223880597015
2887101 3634498 83.0223880597015


3633963 2886573 83.0223880597015
3634498 2887101 83.0223880597015


728739 728739 83.0645161290323
728986 728986 83.0645161290323


2592013 2885099 83.1006979062812
2593982 2887071 83.1006979062812


2885099 2592013 83.1006979062812
2887071 2593982 83.1006979062812


2516685 3677673 83.1121833534379
2517512 3678410 83.1121833534379


3677673 2516685 83.1121833534379
3678410 2517512 83.1121833534379


3438187 3633966 83.1144465290807
3438715 3634498 83.1144465290807


3633966 3438187 83.1144465290807
3634498 3438715 83.1144465290807


2191722 2191722 83.1168831168831
2192106 2192106 83.1168831168831


2292696 2801673 83.1275720164609
2292928 2801913 83.1275720164609


2292696 2514545 83.1325301204819
2292928 2514786 83.1325301204819


2363587 3677673 83.1515151515152
2364409 3678410 83.1515151515152


3677673 2363587 83.1515151515152
3678410 2364409 83.1515151515152


2735005 2817995 83.1683168316832
2735307 2818293 83.1683168316832


2817995 2735005 83.1683168316832
2818293 2735307 83.1683168316832


2592556 3010711 83.1710709318498
2593975 3012133 83.1710709318498


3010711 2592556 83.1710709318498
3012133 2593975 83.1710709318498


2592013 2798773 83.2003988035892
2593982 2800745 83.2003988035892


2798773 2592013 83.2003988035892
2800745 2593982 83.2003988035892


2733948 3630582 83.2080200501253
2734346 3630979 83.2080200501253


3630582 2733948 83.2080200501253
3630979 2734346 83.2080200501253


2800247 3633963 83.2089552238806
2800775 3634498 83.2089552238806


3633963 2800247 83.2089552238806
3634498 2800775 83.2089552238806


2514371 2699542 83.2116788321168
2514773 2699935 83.2116788321168


2699542 2514371 83.2116788321168
2699935 2514773 83.2116788321168


3521115 3632030 83.2171581769437
3522917 3633833 83.2171581769437


3632030 3521115 83.2171581769437
3633833 3522917 83.2171581769437


2808201 2798398 83.2214765100671
2808488 2798693 83.2214765100671


2894551 2798398 83.2214765100671
2894838 2798693 83.2214765100671


2592013 3632371 83.223249669749
2593488 3633835 83.223249669749


3632371 2592013 83.223249669749
3633835 2593488 83.223249669749


2468419 3384348 83.2298136645963
2469061 3384987 83.2298136645963


3384348 2468419 83.2298136645963
3384987 2469061 83.2298136645963


2419697 2478603 83.2484076433121
2421227 2480165 83.2484076433121


2478603 2419697 83.2484076433121
2480165 2421227 83.2484076433121


2592013 3133836 83.2669322709163
2593982 3135805 83.2669322709163


3133836 2592013 83.2669322709163
3135805 2593982 83.2669322709163


2801471 3472576 83.2703723691311
2803277 3474395 83.2703723691311


3472576 2801471 83.2703723691311
3474395 2803277 83.2703723691311


2981803 3472576 83.2978723404255
2982704 3473480 83.2978723404255


3472576 2981803 83.2978723404255
3473480 2982704 83.2978723404255


2472205 3439409 83.3078101071976
2472813 3440059 83.3078101071976


3439409 2472205 83.3078101071976
3440059 2472813 83.3078101071976


2665651 3632030 83.3100558659218
2667035 3633410 83.3100558659218


3632030 2665651 83.3100558659218
3633410 2667035 83.3100558659218


2292696 3013061 83.3333333333333
2292853 3013227 83.3333333333333


2514371 2841275 83.3333333333333
2514773 2841674 83.3333333333333


2841275 2514371 83.3333333333333
2841674 2514773 83.3333333333333


3383665 3677673 83.3734939759036
3384493 3678410 83.3734939759036


3677673 3383665 83.3734939759036
3678410 3384493 83.3734939759036


4315556 4315556 83.3759590792839
4315946 4315946 83.3759590792839


2734731 3397382 83.3780160857909
2735088 3397745 83.3780160857909


3397382 2734731 83.3780160857909
3397745 2735088 83.3780160857909


3586154 3632030 83.3780160857909
3587961 3633833 83.3780160857909


3632030 3586154 83.3780160857909
3633833 3587961 83.3780160857909


2699543 3012886 83.3810888252149
2699873 3013227 83.3810888252149


3012886 2699543 83.3810888252149
3013227 2699873 83.3810888252149


2887864 3632030 83.3878351863963
2889345 3633522 83.3878351863963


3632030 2887864 83.3878351863963
3633522 2889345 83.3878351863963


3186064 3633963 83.3955223880597
3186594 3634498 83.3955223880597


3633963 3186064 83.3955223880597
3634498 3186594 83.3955223880597


3588456 3677673 83.4140435835351
3589281 3678410 83.4140435835351


3677673 3588456 83.4140435835351
3678410 3589281 83.4140435835351


1748923 1748923 83.4146341463415
1749537 1749537 83.4146341463415


2801469 3436385 83.4236186348862
2803277 3438180 83.4236186348862


3436385 2801469 83.4236186348862
3438180 2803277 83.4236186348862


2328708 2982002 83.4365325077399
2329338 2982621 83.4365325077399


2982002 2328708 83.4365325077399
2982621 2329338 83.4365325077399


11962 11962 83.4498834498835
12390 12390 83.4498834498835


2328708 3521289 83.4609494640122
2329338 3521922 83.4609494640122


3521289 2328708 83.4609494640122
3521922 2329338 83.4609494640122


2887837 3472576 83.4625322997416
2889347 3474091 83.4625322997416


3472576 2887837 83.4625322997416
3474091 2889347 83.4625322997416


2734881 3246191 83.4645669291339
2735129 3246442 83.4645669291339


3246191 2734881 83.4645669291339
3246442 2735129 83.4645669291339


2592013 3184588 83.4661354581673
2593982 3186564 83.4661354581673


3184588 2592013 83.4661354581673
3186564 2593982 83.4661354581673


2888139 2904358 83.4726688102894
2889618 2905904 83.4726688102894


2904358 2888139 83.4726688102894
2905904 2889618 83.4726688102894


2593988 3677673 83.4740651387214
2594814 3678410 83.4740651387214


3428698 3677673 83.4740651387214
3429524 3678410 83.4740651387214


3677673 2593988 83.4740651387214
3678410 2594814 83.4740651387214


3677673 3428698 83.4740651387214
3678410 3429524 83.4740651387214


3323349 3633966 83.4896810506567
3323871 3634498 83.4896810506567


3633966 3323349 83.4896810506567
3634498 3323871 83.4896810506567


2665650 2699542 83.495145631068
2666054 2699935 83.495145631068


2699542 2665650 83.495145631068
2699935 2666054 83.495145631068


2852813 2935871 83.5294117647059
2853407 2936464 83.5294117647059


2935871 2852813 83.5294117647059
2936464 2853407 83.5294117647059


3023424 3133826 83.5329341317365
3025394 3135805 83.5329341317365


3133826 3023424 83.5329341317365
3135805 3025394 83.5329341317365


2292696 3521289 83.5341365461847
2292928 3521530 83.5341365461847


3523414 3677673 83.5351089588378
3524239 3678410 83.5351089588378


3677673 3523414 83.5351089588378
3678410 3524239 83.5351089588378


2286261 3394946 83.5470085470085
2287175 3395863 83.5470085470085


3394946 2286261 83.5470085470085
3395863 2287175 83.5470085470085


2379219 2935866 83.5658914728682
2379862 2936507 83.5658914728682


2935866 2379219 83.5658914728682
2936507 2379862 83.5658914728682


2322259 3394946 83.5820895522388
2323175 3395863 83.5820895522388


3394946 2322259 83.5820895522388
3395863 2323175 83.5820895522388


2592520 2851952 83.58310626703
2593969 2853407 83.58310626703


2851952 2592520 83.58310626703
2853407 2593969 83.58310626703


2665625 3472576 83.6054421768708
2667067 3473994 83.6054421768708


3472576 2665625 83.6054421768708
3473994 2667067 83.6054421768708


2801498 3632030 83.6056644880174
2803277 3633828 83.6056644880174


3632030 2801498 83.6056644880174
3633828 2803277 83.6056644880174


2379202 3395999 83.6336336336336
2379867 3396662 83.6336336336336


3395999 2379202 83.6336336336336
3396662 2379867 83.6336336336336


3400391 2904446 83.6445108289768
3401712 2905771 83.6445108289768


2472379 3246191 83.6753305973552
2474517 3248335 83.6753305973552


3246191 2472379 83.6753305973552
3248335 2474517 83.6753305973552


3321526 3397383 83.6898395721925
3321884 3397745 83.6898395721925


3397383 3321526 83.6898395721925
3397745 3321884 83.6898395721925


2511635 3023424 83.6907730673317
2513619 3025394 83.6907730673317


3023424 2511635 83.6907730673317
3025394 2513619 83.6907730673317


2852813 2961879 83.6974789915966
2853407 2962473 83.6974789915966


2961879 2852813 83.6974789915966
2962473 2853407 83.6974789915966


2699542 3521114 83.698296836983
2699935 3521517 83.698296836983


3521114 2699542 83.698296836983
3521517 2699935 83.698296836983


2379219 2961874 83.7209302325581
2379862 2962516 83.7209302325581


2961874 2379219 83.7209302325581
2962516 2379862 83.7209302325581


2378433 3010711 83.728813559322
2379867 3012173 83.728813559322


3010711 2378433 83.728813559322
3012173 2379867 83.728813559322


2286261 3632030 83.7342497136312
2287958 3633717 83.7342497136312


3632030 2286261 83.7342497136312
3633717 2287958 83.7342497136312


2472201 3521084 83.739406779661
2474033 3522930 83.739406779661


3521084 2472201 83.739406779661
3522930 2474033 83.739406779661


2511645 2592013 83.7406483790524
2513619 2593982 83.7406483790524


2592013 2511645 83.7406483790524
2593982 2513619 83.7406483790524


2328708 2612651 83.7461300309597
2329338 2613281 83.7461300309597


2612651 2328708 83.7461300309597
2613281 2329338 83.7461300309597


2885089 3023424 83.7487537387836
2887071 3025394 83.7487537387836


3023424 2885089 83.7487537387836
3025394 2887071 83.7487537387836


2292696 3246219 83.75
2292928 3246455 83.75


3246219 2292696 83.75
3246455 2292928 83.75


3247730 3396002 83.7579617834395
3248340 3396627 83.7579617834395


3396002 3247730 83.7579617834395
3396627 3248340 83.7579617834395


2513117 3633963 83.7686567164179
2513649 3634498 83.7686567164179


3633963 2513117 83.7686567164179
3634498 2513649 83.7686567164179


2514371 2734731 83.7772397094431
2514773 2735129 83.7772397094431


2734731 2514371 83.7772397094431
2735129 2514773 83.7772397094431


2514372 3632030 83.779443254818
2516192 3633835 83.779443254818


3632030 2514372 83.779443254818
3633835 2516192 83.779443254818


2472576 2592047 83.7810440952864
2474523 2593982 83.7810440952864


2592047 2472576 83.7810440952864
2593982 2474523 83.7810440952864


3246191 3472751 83.7825491091823
3248340 3474900 83.7825491091823


3472751 3246191 83.7825491091823
3474900 3248340 83.7825491091823


3059513 3677673 83.8164251207729
3060337 3678410 83.8164251207729


3677673 3059513 83.8164251207729
3678410 3060337 83.8164251207729


2772545 3436385 83.8362068965517
2774375 3438171 83.8362068965517


3436385 2772545 83.8362068965517
3438171 2774375 83.8362068965517


2803376 3438292 83.8461538461539
2803762 3438680 83.8461538461539


3438292 2803376 83.8461538461539
3438680 2803762 83.8461538461539


2328708 3246219 83.8509316770186
2329338 3246847 83.8509316770186


3246219 2328708 83.8509316770186
3246847 2329338 83.8509316770186


2665651 3321526 83.8642659279778
2667067 3322941 83.8642659279778


3321526 2665651 83.8642659279778
3322941 2667067 83.8642659279778


2378392 2505323 83.8872104733132
2379342 2506308 83.8872104733132


2505323 2378392 83.8872104733132
2506308 2379342 83.8872104733132


2841396 2951744 83.8971583220568
2842133 2952481 83.8971583220568


2951744 2841396 83.8971583220568
2952481 2842133 83.8971583220568


2868892 3436385 83.9086563993627
2870751 3438198 83.9086563993627


3436385 2868892 83.9086563993627
3438198 2870751 83.9086563993627


2328708 2665826 83.9203675344563
2329338 2666459 83.9203675344563


2665826 2328708 83.9203675344563
2666459 2329338 83.9203675344563


2472578 3023470 83.9303991811668
2474517 3025389 83.9303991811668


3023470 2472578 83.9303991811668
3025389 2474517 83.9303991811668


2699542 2981827 83.9416058394161
2699935 2982230 83.9416058394161


2981827 2699542 83.9416058394161
2982230 2699935 83.9416058394161


2818011 3586448 83.9464882943144
2818293 3586746 83.9464882943144


3586448 2818011 83.9464882943144
3586746 2818293 83.9464882943144


2798763 3023424 83.9481555333998
2800745 3025394 83.9481555333998


3023424 2798763 83.9481555333998
3025394 2800745 83.9481555333998


2286233 3436385 83.9499146272055
2287965 3438076 83.9499146272055


3436385 2286233 83.9499146272055
3438076 2287965 83.9499146272055


3135304 3633963 83.955223880597
3135835 3634498 83.955223880597


3396125 3633963 83.955223880597
3396657 3634498 83.955223880597


3436385 3586125 83.955223880597
3438198 3587974 83.955223880597


3586125 3436385 83.955223880597
3587974 3438198 83.955223880597


3633963 3135304 83.955223880597
3634498 3135835 83.955223880597


3633963 3396125 83.955223880597
3634498 3396657 83.955223880597


2286235 3472576 83.9590443686007
2287965 3474291 83.9590443686007


3472576 2286235 83.9590443686007
3474291 2287965 83.9590443686007


2472201 2801466 83.9612486544672
2474015 2803277 83.9612486544672


2801466 2472201 83.9612486544672
2803277 2474015 83.9612486544672


2612551 3632106 83.9651957737725
2614116 3633654 83.9651957737725


3632106 2612551 83.9651957737725
3633654 2614116 83.9651957737725


2801824 3395265 83.9732888146911
2802391 3395862 83.9732888146911


3395265 2801824 83.9732888146911
3395862 2802391 83.9732888146911


2686106 2889246 83.9805825242718
2686517 2889625 83.9805825242718


2712279 2889246 83.9805825242718
2712690 2889625 83.9805825242718


2827810 2889246 83.9805825242718
2828220 2889625 83.9805825242718


2889246 2686106 83.9805825242718
2889625 2686517 83.9805825242718


2889246 2827810 83.9805825242718
2889625 2828220 83.9805825242718


2889246 2712279 83.9805825242718
2889625 2712690 83.9805825242718


2418165 2419697 83.9869281045752
2419351 2420884 83.9869281045752


2419697 2418165 83.9869281045752
2420884 2419351 83.9869281045752


2592520 2760891 83.991825613079
2593969 2762346 83.991825613079


2760891 2592520 83.991825613079
2762346 2593969 83.991825613079


2328708 3013061 84
2328867 3013227 84


2663975 2712282 84
2664523 2712817 84


2712282 2663975 84
2712817 2664523 84


2888190 3395265 84
2888758 3395863 84


3013061 2328708 84
3013227 2328867 84


3318188 3556860 84
3318661 3557320 84


3395265 2888190 84
3395863 2888758 84


2712282 2980181 84.0044742729307
2713143 2981072 84.0044742729307


2980181 2712282 84.0044742729307
2981072 2713143 84.0044742729307


2851952 2979622 84.0082361015786
2853406 2981065 84.0082361015786


2979622 2851952 84.0082361015786
2981065 2853406 84.0082361015786


3436385 3521087 84.0106951871658
3438198 3522930 84.0106951871658


3521087 3436385 84.0106951871658
3522930 3438198 84.0106951871658


2322259 3632030 84.0114613180516
2323958 3633717 84.0114613180516


3632030 2322259 84.0114613180516
3633717 2323958 84.0114613180516


2474019 3633963 84.0148698884758
2474553 3634498 84.0148698884758


2514346 3472576 84.0148698884758
2516203 3474413 84.0148698884758


3472576 2514346 84.0148698884758
3474413 2516203 84.0148698884758


3633963 2474019 84.0148698884758
3634498 2474553 84.0148698884758


2772573 3632030 84.0281537628587
2774369 3633813 84.0281537628587


3632030 2772573 84.0281537628587
3633813 2774369 84.0281537628587


3023424 3184578 84.0319361277445
3025394 3186564 84.0319361277445


3184578 3023424 84.0319361277445
3186564 3025394 84.0319361277445


2851952 3023940 84.041095890411
2853407 3025382 84.041095890411


3023940 2851952 84.041095890411
3025382 2853407 84.041095890411


652210 652210 84.045584045584
652560 652560 84.045584045584


2841276 3012886 84.045584045584
2841612 3013227 84.045584045584


3012886 2841276 84.045584045584
3013227 2841612 84.045584045584


2665650 2841275 84.0579710144928
2666054 2841674 84.0579710144928


2841275 3521114 84.0579710144928
2841674 3521517 84.0579710144928


2841275 2665650 84.0579710144928
2841674 2666054 84.0579710144928


3521114 2841275 84.0579710144928
3521517 2841674 84.0579710144928


2405756 3318436 84.070796460177
2405973 3318661 84.070796460177


2322233 3472576 84.0728100113766
2323965 3474291 84.0728100113766


3472576 2322233 84.0728100113766
3474291 2323965 84.0728100113766


2514372 3394946 84.0764331210191
2515291 3395863 84.0764331210191


3394946 2514372 84.0764331210191
3395863 2515291 84.0764331210191


2981828 3394946 84.1008771929825
2982704 3395833 84.1008771929825


3394946 2981828 84.1008771929825
3395833 2982704 84.1008771929825


2868920 3632030 84.1091492776886
2870740 3633835 84.1091492776886


2978769 3632030 84.1091492776886
2980591 3633835 84.1091492776886


3632030 2868920 84.1091492776886
3633835 2870740 84.1091492776886


3632030 2978769 84.1091492776886
3633835 2980591 84.1091492776886


3381883 3632500 84.1176470588235
3383202 3633835 84.1176470588235


3632500 3381883 84.1176470588235
3633835 3383202 84.1176470588235


2328708 2772748 84.1294298921418
2329338 2773379 84.1294298921418


2772748 2328708 84.1294298921418
2773379 2329338 84.1294298921418


2601830 2982201 84.1300191204589
2602352 2982704 84.1300191204589


2982201 2601830 84.1300191204589
2982704 2602352 84.1300191204589


3057893 3632694 84.1337907375643
3059016 3633835 84.1337907375643


3632694 3057893 84.1337907375643
3633835 3059016 84.1337907375643


2801498 3560142 84.1549295774648
2802043 3560703 84.1549295774648


3560142 2801498 84.1549295774648
3560703 2802043 84.1549295774648


2712279 3247444 84.1617523167649
2713435 3248624 84.1617523167649


3247444 2712279 84.1617523167649
3248624 2713435 84.1617523167649


2712279 3058606 84.1637010676157
2712840 3059160 84.1637010676157


3058606 2712279 84.1637010676157
3059160 2712840 84.1637010676157


3133847 3400391 84.167289021658
3135174 3401712 84.167289021658


3400391 3133847 84.167289021658
3401712 3135174 84.167289021658


2935975 3633963 84.171322160149
2936507 3634498 84.171322160149


3633963 2935975 84.171322160149
3634498 2936507 84.171322160149


390216 391071 84.2105263157895
390533 391392 84.2105263157895


391071 390216 84.2105263157895
391392 390533 84.2105263157895


2514345 3436386 84.2105263157895
2516203 3438198 84.2105263157895


3436386 2514345 84.2105263157895
3438198 2516203 84.2105263157895


2377545 3039605 84.2178770949721
2378229 3040317 84.2178770949721


3039605 2377545 84.2178770949721
3040317 2378229 84.2178770949721


3472576 3586127 84.2356687898089
3474413 3587974 84.2356687898089


3586127 3472576 84.2356687898089
3587974 3474413 84.2356687898089


2599158 3039605 84.2377260981912
2599530 3039983 84.2377260981912


3039605 2599158 84.2377260981912
3039983 2599530 84.2377260981912


3246191 3395095 84.2439644218551
3246954 3395857 84.2439644218551


3395095 3246191 84.2439644218551
3395857 3246954 84.2439644218551


2377545 3586154 84.247311827957
2379342 3587974 84.247311827957


3586154 2377545 84.247311827957
3587974 2379342 84.247311827957


2798530 2841373 84.251968503937
2799289 2842133 84.251968503937


2841373 2798530 84.251968503937
2842133 2799289 84.251968503937


3246191 3436561 84.251968503937
3246938 3437304 84.251968503937


3436561 3246191 84.251968503937
3437304 3246938 84.251968503937


2292696 2612651 84.2553191489362
2292923 2612882 84.2553191489362


2612651 2292696 84.2553191489362
2612882 2292923 84.2553191489362


2734731 3521114 84.2615012106538
