#-- forward hits sorted by %sim
0 0 0
0 0 0


1095984 1095984 71.1111111111111
1096163 1096163 71.1111111111111


1836692 1836692 72.8070175438597
1836919 1836919 72.8070175438597


2770023 2770023 73.1914893617021
2770257 2770257 73.1914893617021


1452416 1452416 73.2673267326733
1452718 1452718 73.2673267326733


567102 986276 73.7226277372263
567363 986548 73.7226277372263


2664244 2664244 73.8970588235294
2664515 2664515 73.8970588235294


567102 960268 73.992673992674
567363 960539 73.992673992674


960268 567102 73.992673992674
960539 567363 73.992673992674


1424793 842475 74.4588744588745
1425023 842695 74.4588744588745


1362695 1036083 75.2711496746204
1363143 1036540 75.2711496746204


1275611 1702350 75.8099352051836
1276072 1702724 75.8099352051836


1702350 1275611 75.8099352051836
1702724 1276072 75.8099352051836


852215 1004583 76.1376248612653
853081 1005479 76.1376248612653


1004583 852215 76.1376248612653
1005479 853081 76.1376248612653


744779 1702409 76.3636363636364
745272 1702812 76.3636363636364


860668 1702409 76.3636363636364
861161 1702812 76.3636363636364


1702409 744779 76.3636363636364
1702812 745272 76.3636363636364


1702409 860668 76.3636363636364
1702812 861161 76.3636363636364


710511 1004583 76.4182424916574
711377 1005479 76.4182424916574


1004583 710511 76.4182424916574
1005479 711377 76.4182424916574


1938330 2004898 76.555023923445
1938537 2005101 76.555023923445


2004898 1938330 76.555023923445
2005101 1938537 76.555023923445


216128 225452 76.8996960486322
216456 225779 76.8996960486322


225452 216128 76.8996960486322
225779 216456 76.8996960486322


1049072 1420308 77.088948787062
1049796 1421029 77.088948787062


1420308 1049072 77.088948787062
1421029 1049796 77.088948787062


1938330 2059413 77.511961722488
1938537 2059616 77.511961722488


2059413 1938330 77.511961722488
2059616 1938537 77.511961722488


443417 736915 77.7594728171334
444020 737477 77.7594728171334


736915 443417 77.7594728171334
737477 444020 77.7594728171334


1972495 2027251 78
1972844 2027600 78


2027251 1972495 78
2027600 1972844 78


445027 986276 78.0290791599354
445629 986888 78.0290791599354


986276 445027 78.0290791599354
986888 445629 78.0290791599354


445027 960268 78.1553398058252
445629 960879 78.1553398058252


960268 445027 78.1553398058252
960879 445629 78.1553398058252


403555 736915 78.1844802342606
404234 737553 78.1844802342606


736915 403555 78.1844802342606
737553 404234 78.1844802342606


1932649 1932649 78.2234957020057
1932997 1932997 78.2234957020057


1404558 1420292 78.25311942959
1405096 1420835 78.25311942959


1420292 1404558 78.25311942959
1420835 1405096 78.25311942959


736963 1420400 78.2677165354331
737553 1421029 78.2677165354331


1420400 736963 78.2677165354331
1421029 737553 78.2677165354331


736684 876913 78.2850779510022
737539 877809 78.2850779510022


876913 736684 78.2850779510022
877809 737539 78.2850779510022


1972495 1972495 78.2857142857143
1972844 1972844 78.2857142857143


2027251 2027251 78.2857142857143
2027600 2027600 78.2857142857143


736981 986276 78.4440842787682
737553 986888 78.4440842787682


986276 736981 78.4440842787682
986888 737553 78.4440842787682


865677 1006229 78.5471055618615
866535 1007072 78.5471055618615


1006229 865677 78.5471055618615
1007072 866535 78.5471055618615


617781 986280 78.5483870967742
618384 986888 78.5483870967742


986280 617781 78.5483870967742
986888 618384 78.5483870967742


736981 960268 78.5714285714286
737553 960879 78.5714285714286


960268 736981 78.5714285714286
960879 737553 78.5714285714286


1052733 1654984 78.6184210526316
1053036 1655286 78.6184210526316


1654984 1052733 78.6184210526316
1655286 1053036 78.6184210526316


617781 960272 78.6752827140549
618384 960879 78.6752827140549


960272 617781 78.6752827140549
960879 618384 78.6752827140549


1005029 1362695 78.7610619469027
1005479 1363143 78.7610619469027


1362695 1005029 78.7610619469027
1363143 1005479 78.7610619469027


736684 785852 78.8418708240534
737539 786748 78.8418708240534


785852 736684 78.8418708240534
786748 737539 78.8418708240534


960093 1404483 78.9147286821705
960695 1405107 78.9147286821705


1404483 960093 78.9147286821705
1405107 960695 78.9147286821705


986101 1404483 78.9473684210526
986704 1405107 78.9473684210526


1404483 986101 78.9473684210526
1405107 986704 78.9473684210526


986280 1049201 78.9559543230016
986888 1049796 78.9559543230016


1049201 986280 78.9559543230016
1049796 986888 78.9559543230016


960272 1049201 79.0849673202614
960879 1049796 79.0849673202614


1049201 960272 79.0849673202614
1049796 960879 79.0849673202614


171783 171783 79.2713567839196
172578 172578 79.2713567839196


736681 1035632 79.7579757975798
737545 1036535 79.7579757975798


1035632 736681 79.7579757975798
1036535 737545 79.7579757975798


736684 1498395 79.8687089715536
737553 1499302 79.8687089715536


1498395 736684 79.8687089715536
1499302 737553 79.8687089715536


503653 736684 80
504567 737553 80


736684 503653 80
737553 504567 80


537118 736684 80.0875273522976
538021 737553 80.0875273522976


736684 537118 80.0875273522976
737553 538021 80.0875273522976


225452 225452 80.1829268292683
225779 225779 80.1829268292683


736684 824243 80.2414928649835
737553 825147 80.2414928649835


824243 736684 80.2414928649835
825147 737553 80.2414928649835


736684 910569 80.351262349067
737553 911473 80.351262349067


910569 736684 80.351262349067
911473 737553 80.351262349067


842413 912560 80.4195804195804
842695 912827 80.4195804195804


912560 842413 80.4195804195804
912827 842695 80.4195804195804


444273 1461706 80.5035971223022
445622 1463082 80.5035971223022


1461706 444273 80.5475504322767
1463082 445622 80.5475504322767


443595 1658368 80.6526806526807
444020 1658796 80.6526806526807


1658368 443595 80.6526806526807
1658796 444020 80.6526806526807


826194 842413 80.7692307692308
826461 842695 80.7692307692308


842413 826194 80.7692307692308
842695 826461 80.7692307692308


504011 1053034 80.7909604519774
504713 1053741 80.7909604519774


1053034 504011 80.7909604519774
1053741 504713 80.7909604519774


721585 1416313 81.057268722467
721811 1416534 81.057268722467


863303 1416313 81.057268722467
863529 1416534 81.057268722467


1416313 721585 81.057268722467
1416534 721811 81.057268722467


1416313 863303 81.057268722467
1416534 863529 81.057268722467


444099 1158660 81.0828025477707
445629 1160207 81.0828025477707


1158660 444099 81.0828025477707
1160207 445629 81.0828025477707


444096 913000 81.1149032992036
445832 914718 81.1149032992036


913000 444096 81.1149032992036
914718 445832 81.1149032992036


877070 1420293 81.2415654520918
877809 1421017 81.2415654520918


1420293 877070 81.2415654520918
1421017 877809 81.2415654520918


626233 1424810 81.2785388127854
626882 1425449 81.2785388127854


1424810 626233 81.2785388127854
1425449 626882 81.2785388127854


444099 497366 81.3494589433482
445629 498925 81.3494589433482


497366 444099 81.3494589433482
498925 445629 81.3494589433482


1788125 1778735 81.3636363636364
1788341 1778943 81.3636363636364


786258 1658365 81.3765182186235
786748 1658858 81.3765182186235


877319 1658365 81.3765182186235
877809 1658858 81.3765182186235


1658365 786258 81.3765182186235
1658858 786748 81.3765182186235


1658365 877319 81.3765182186235
1658858 877809 81.3765182186235


865938 928755 81.438127090301
866535 929351 81.438127090301


928755 865938 81.438127090301
929351 866535 81.438127090301


444099 823598 81.4885496183206
445629 825147 81.4885496183206


823598 444099 81.4885496183206
825147 445629 81.4885496183206


1082296 1346615 81.4927184466019
1083901 1348238 81.4927184466019


1346615 1082296 81.4927184466019
1348238 1083901 81.4927184466019


756859 1416313 81.4977973568282
757085 1416534 81.4977973568282


1416313 756859 81.4977973568282
1416534 757085 81.4977973568282


759133 1006229 81.5366972477064
759990 1007072 81.5366972477064


1006229 759133 81.5366972477064
1007072 759990 81.5366972477064


444099 1209412 81.5923566878981
445629 1210966 81.5923566878981


1209412 444099 81.5923566878981
1210966 445629 81.5923566878981


786009 1420293 81.6464237516869
786748 1421017 81.6464237516869


1420293 786009 81.6464237516869
1421017 786748 81.6464237516869


1035113 444223 81.6724738675958
1036535 445622 81.6724738675958


444223 1035113 81.6852367688022
445622 1036535 81.6852367688022


1416313 1581492 81.7021276595745
1416540 1581722 81.7021276595745


1581492 1416313 81.7021276595745
1581722 1416540 81.7021276595745


496607 1006204 81.7204301075269
497493 1007106 81.7204301075269


1006204 496607 81.7204301075269
1007106 497493 81.7204301075269


492897 1342206 81.7307692307692
493716 1343037 81.7307692307692


1342206 492897 81.7307692307692
1343037 493716 81.7307692307692


403730 1658365 81.7843866171004
404264 1658900 81.7843866171004


1424793 1464194 81.7843866171004
1425061 1464462 81.7843866171004


1464194 1424793 81.7843866171004
1464462 1425061 81.7843866171004


1658365 403730 81.7843866171004
1658900 404264 81.7843866171004


721585 819629 81.8181818181818
721804 819848 81.8181818181818


756859 819629 81.8181818181818
757078 819848 81.8181818181818


819629 756859 81.8181818181818
819848 757078 81.8181818181818


819629 721585 81.8181818181818
819848 721804 81.8181818181818


819629 863303 81.8181818181818
819848 863522 81.8181818181818


863303 819629 81.8181818181818
863522 819848 81.8181818181818


621736 1052477 81.8661971830986
622303 1053036 81.8661971830986


1052477 621736 81.8661971830986
1053036 622303 81.8661971830986


828177 1702075 81.8840579710145
829001 1702812 81.8840579710145


1702075 828177 81.8840579710145
1702812 829001 81.8840579710145


690025 1460787 81.9112627986348
691469 1462181 81.9112627986348


1460787 690025 81.9112627986348
1462181 691469 81.9112627986348


724095 1270599 81.9277108433735
724337 1270844 81.9277108433735


1270599 724095 81.9277108433735
1270844 724337 81.9277108433735


785933 960093 81.9852941176471
786748 960866 81.9852941176471


960093 785933 81.9852941176471
960866 786748 81.9852941176471


444188 876355 82.0109439124487
445616 877809 82.0109439124487


876355 444188 82.0109439124487
877809 445616 82.0109439124487


785933 986101 82.1078431372549
786748 986875 82.1078431372549


986101 785933 82.1078431372549
986875 786748 82.1078431372549


914521 1702075 82.1256038647343
915345 1702812 82.1256038647343


1702075 914521 82.1256038647343
1702812 915345 82.1256038647343


444096 826634 82.1753986332574
445832 828374 82.1753986332574


826634 444096 82.1753986332574
828374 445832 82.1753986332574


444099 536469 82.2406110757479
445629 538021 82.2406110757479


536469 444099 82.2406110757479
538021 445629 82.2406110757479


616415 1497347 82.2677322677323
618384 1499302 82.2677322677323


1497347 616415 82.2677322677323
1499302 618384 82.2677322677323


353110 912441 82.2884012539185
353740 913047 82.2884012539185


912441 353110 82.2884012539185
913047 353740 82.2884012539185


444188 785294 82.3529411764706
445616 786748 82.3529411764706


785294 444188 82.3529411764706
786748 445616 82.3529411764706


538774 623560 82.3684210526316
539143 623925 82.3684210526316


623560 538774 82.3684210526316
623925 539143 82.3684210526316


430158 756876 82.3809523809524
430367 757085 82.3809523809524


430158 863320 82.3809523809524
430367 863529 82.3809523809524


430158 721602 82.3809523809524
430367 721811 82.3809523809524


721602 430158 82.3809523809524
721811 430367 82.3809523809524


756876 430158 82.3809523809524
757085 430367 82.3809523809524


863320 430158 82.3809523809524
863529 430367 82.3809523809524


1270594 1403141 82.4850299401198
1272567 1405112 82.4850299401198


1403141 1270594 82.4850299401198
1405112 1272567 82.4850299401198


616415 1346271 82.5436408977556
618384 1348243 82.5436408977556


1346271 616415 82.5436408977556
1348243 618384 82.5436408977556


444102 1346696 82.5781748564135
445629 1348243 82.5781748564135


1346696 444102 82.5781748564135
1348243 445629 82.5781748564135


1006230 1345928 82.6039387308534
1007106 1346820 82.6039387308534


1345928 1006230 82.6039387308534
1346820 1007106 82.6039387308534


492820 905784 82.6377295492487
493417 906381 82.6377295492487


492820 819033 82.6377295492487
493417 819629 82.6377295492487


819033 492820 82.6377295492487
819629 493417 82.6377295492487


905784 492820 82.6377295492487
906381 493417 82.6377295492487


353110 826075 82.65625
353740 826681 82.65625


826075 353110 82.65625
826681 353740 82.65625


1047826 1461144 82.6913456728364
1049796 1463087 82.6913456728364


1461144 1047826 82.6913456728364
1463087 1049796 82.6913456728364


723163 1654984 82.7067669172932
723561 1655381 82.7067669172932


864894 1654984 82.7067669172932
865292 1655381 82.7067669172932


1654984 723163 82.7067669172932
1655381 723561 82.7067669172932


1654984 864894 82.7067669172932
1655381 865292 82.7067669172932


1270593 1656581 82.7102803738318
1272259 1658237 82.7102803738318


1656581 1270593 82.7102803738318
1658237 1272259 82.7102803738318


317098 912441 82.7160493827161
317330 912681 82.7160493827161


496603 912234 82.7233584499462
498417 914022 82.7233584499462


912234 496603 82.7233584499462
914022 498417 82.7233584499462


430158 1581509 82.7272727272727
430375 1581722 82.7272727272727


1581509 430158 82.7272727272727
1581722 430375 82.7272727272727


865827 1270593 82.7450980392157
866076 1270844 82.7450980392157


1270593 865827 82.7450980392157
1270844 866076 82.7450980392157


1049802 1702075 82.7503015681544
1050628 1702812 82.7503015681544


1702075 1049802 82.7503015681544
1702812 1050628 82.7503015681544


1047826 1497337 82.7586206896552
1049796 1499302 82.7586206896552


1463838 1345928 82.7586206896552
1464462 1346543 82.7586206896552


1497337 1047826 82.7586206896552
1499302 1049796 82.7586206896552


721355 1581262 82.7956989247312
721815 1581722 82.7956989247312


1581262 721355 82.7956989247312
1581722 721815 82.7956989247312


721585 906381 82.8054298642534
721805 906601 82.8054298642534


756859 906381 82.8054298642534
757079 906601 82.8054298642534


863303 906381 82.8054298642534
863523 906601 82.8054298642534


906381 721585 82.8054298642534
906601 721805 82.8054298642534


906381 756859 82.8054298642534
906601 757079 82.8054298642534


906381 863303 82.8054298642534
906601 863523 82.8054298642534


353110 1610730 82.8267477203648
353740 1611368 82.8267477203648


1610730 353110 82.8267477203648
1611368 353740 82.8267477203648


1036040 1658365 82.8358208955224
1036570 1658900 82.8358208955224


1658365 1036040 82.8358208955224
1658900 1036570 82.8358208955224


353139 385892 82.843137254902
353740 386490 82.843137254902


385892 353139 82.843137254902
386490 353740 82.843137254902


348935 1702075 82.8709288299156
349762 1702812 82.8709288299156


1702075 348935 82.8709288299156
1702812 349762 82.8709288299156


402710 444099 82.8711256117455
403893 445286 82.8711256117455


444099 402710 82.8711256117455
445286 403893 82.8711256117455


1047826 1346261 82.934131736527
1049796 1348243 82.934131736527


1346261 1047826 82.934131736527
1348243 1049796 82.934131736527


911167 1053280 82.9365079365079
911665 1053741 82.9365079365079


1053280 911167 82.9365079365079
1053741 911665 82.9365079365079


353110 865855 82.9383886255924
353740 866486 82.9383886255924


865855 353110 82.9383886255924
866486 353740 82.9383886255924


822933 1064103 82.9855537720706
823517 1064717 82.9855537720706


1064103 822933 82.9855537720706
1064717 823517 82.9855537720706


385892 1656638 82.9903147699758
387490 1658228 82.9903147699758


1656638 385892 82.9903147699758
1658228 387490 82.9903147699758


538779 545551 83
539168 545936 83


545551 538779 83
545936 539168 83


1035113 1048378 83.008356545961
1036540 1049796 83.008356545961


1048378 1035113 83.008356545961
1049796 1036540 83.008356545961


756628 1581262 83.010752688172
757089 1581722 83.010752688172


863072 1581262 83.010752688172
863533 1581722 83.010752688172


1581262 756628 83.010752688172
1581722 757089 83.010752688172


1581262 863072 83.010752688172
1581722 863533 83.010752688172


910975 1658365 83.0223880597015
911503 1658900 83.0223880597015


1658365 910975 83.0223880597015
1658900 911503 83.0223880597015


616415 909501 83.1006979062812
618384 911473 83.1006979062812


909501 616415 83.1006979062812
911473 618384 83.1006979062812


541087 1702075 83.1121833534379
541914 1702812 83.1121833534379


1702075 541087 83.1121833534379
1702812 541914 83.1121833534379


1462589 1658368 83.1144465290807
1463117 1658900 83.1144465290807


1658368 1462589 83.1144465290807
1658900 1463117 83.1144465290807


216124 216124 83.1168831168831
216508 216508 83.1168831168831


317098 826075 83.1275720164609
317330 826315 83.1275720164609


317098 538947 83.1325301204819
317330 539188 83.1325301204819


387989 1702075 83.1515151515152
388811 1702812 83.1515151515152


1702075 387989 83.1515151515152
1702812 388811 83.1515151515152


759407 842397 83.1683168316832
759709 842695 83.1683168316832


842397 759407 83.1683168316832
842695 759709 83.1683168316832


616958 1035113 83.1710709318498
618377 1036535 83.1710709318498


1035113 616958 83.1710709318498
1036535 618377 83.1710709318498


616415 823175 83.2003988035892
618384 825147 83.2003988035892


823175 616415 83.2003988035892
825147 618384 83.2003988035892


758350 1654984 83.2080200501253
758748 1655381 83.2080200501253


1654984 758350 83.2080200501253
1655381 758748 83.2080200501253


824649 1658365 83.2089552238806
825177 1658900 83.2089552238806


1658365 824649 83.2089552238806
1658900 825177 83.2089552238806


538773 723944 83.2116788321168
539175 724337 83.2116788321168


723944 538773 83.2116788321168
724337 539175 83.2116788321168


1545517 1656432 83.2171581769437
1547319 1658235 83.2171581769437


1656432 1545517 83.2171581769437
1658235 1547319 83.2171581769437


832603 822800 83.2214765100671
832890 823095 83.2214765100671


918953 822800 83.2214765100671
919240 823095 83.2214765100671


616415 1656773 83.223249669749
617890 1658237 83.223249669749


1656773 616415 83.223249669749
1658237 617890 83.223249669749


492821 1408750 83.2298136645963
493463 1409389 83.2298136645963


1408750 492821 83.2298136645963
1409389 493463 83.2298136645963


444099 503005 83.2484076433121
445629 504567 83.2484076433121


503005 444099 83.2484076433121
504567 445629 83.2484076433121


616415 1158238 83.2669322709163
618384 1160207 83.2669322709163


1158238 616415 83.2669322709163
1160207 618384 83.2669322709163


825873 1496978 83.2703723691311
827679 1498797 83.2703723691311


1496978 825873 83.2703723691311
1498797 827679 83.2703723691311


1006205 1496978 83.2978723404255
1007106 1497882 83.2978723404255


1496978 1006205 83.2978723404255
1497882 1007106 83.2978723404255


496607 1463811 83.3078101071976
497215 1464461 83.3078101071976


1463811 496607 83.3078101071976
1464461 497215 83.3078101071976


690053 1656432 83.3100558659218
691437 1657812 83.3100558659218


1656432 690053 83.3100558659218
1657812 691437 83.3100558659218


317098 1037463 83.3333333333333
317255 1037629 83.3333333333333


538773 865677 83.3333333333333
539175 866076 83.3333333333333


865677 538773 83.3333333333333
866076 539175 83.3333333333333


1408067 1702075 83.3734939759036
1408895 1702812 83.3734939759036


1702075 1408067 83.3734939759036
1702812 1408895 83.3734939759036


2339958 2339958 83.3759590792839
2340348 2340348 83.3759590792839


759133 1421784 83.3780160857909
759490 1422147 83.3780160857909


1421784 759133 83.3780160857909
1422147 759490 83.3780160857909


1610556 1656432 83.3780160857909
1612363 1658235 83.3780160857909


1656432 1610556 83.3780160857909
1658235 1612363 83.3780160857909


723945 1037288 83.3810888252149
724275 1037629 83.3810888252149


1037288 723945 83.3810888252149
1037629 724275 83.3810888252149


912266 1656432 83.3878351863963
913747 1657924 83.3878351863963


1656432 912266 83.3878351863963
1657924 913747 83.3878351863963


1210466 1658365 83.3955223880597
1210996 1658900 83.3955223880597


1658365 1210466 83.3955223880597
1658900 1210996 83.3955223880597


1612858 1702075 83.4140435835351
1613683 1702812 83.4140435835351


1702075 1612858 83.4140435835351
1702812 1613683 83.4140435835351


825871 1460787 83.4236186348862
827679 1462582 83.4236186348862


1460787 825871 83.4236186348862
1462582 827679 83.4236186348862


353110 1006404 83.4365325077399
353740 1007023 83.4365325077399


1006404 353110 83.4365325077399
1007023 353740 83.4365325077399


353110 1545691 83.4609494640122
353740 1546324 83.4609494640122


1545691 353110 83.4609494640122
1546324 353740 83.4609494640122


912239 1496978 83.4625322997416
913749 1498493 83.4625322997416


1496978 912239 83.4625322997416
1498493 913749 83.4625322997416


759283 1270593 83.4645669291339
759531 1270844 83.4645669291339


1270593 759283 83.4645669291339
1270844 759531 83.4645669291339


616415 1208990 83.4661354581673
618384 1210966 83.4661354581673


1208990 616415 83.4661354581673
1210966 618384 83.4661354581673


912541 928760 83.4726688102894
914020 930306 83.4726688102894


928760 912541 83.4726688102894
930306 914020 83.4726688102894


618390 1702075 83.4740651387214
619216 1702812 83.4740651387214


1453100 1702075 83.4740651387214
1453926 1702812 83.4740651387214


1702075 618390 83.4740651387214
1702812 619216 83.4740651387214


1702075 1453100 83.4740651387214
1702812 1453926 83.4740651387214


1347751 1658368 83.4896810506567
1348273 1658900 83.4896810506567


1658368 1347751 83.4896810506567
1658900 1348273 83.4896810506567


690052 723944 83.495145631068
690456 724337 83.495145631068


723944 690052 83.495145631068
724337 690456 83.495145631068


877215 960273 83.5294117647059
877809 960866 83.5294117647059


960273 877215 83.5294117647059
960866 877809 83.5294117647059


1047826 1158228 83.5329341317365
1049796 1160207 83.5329341317365


1158228 1047826 83.5329341317365
1160207 1049796 83.5329341317365


317098 1545691 83.5341365461847
317330 1545932 83.5341365461847


1547816 1702075 83.5351089588378
1548641 1702812 83.5351089588378


1702075 1547816 83.5351089588378
1702812 1548641 83.5351089588378


310663 1419348 83.5470085470085
311577 1420265 83.5470085470085


1419348 310663 83.5470085470085
1420265 311577 83.5470085470085


403621 960268 83.5658914728682
404264 960909 83.5658914728682


960268 403621 83.5658914728682
960909 404264 83.5658914728682


346661 1419348 83.5820895522388
347577 1420265 83.5820895522388


1419348 346661 83.5820895522388
1420265 347577 83.5820895522388


616922 876354 83.58310626703
618371 877809 83.58310626703


876354 616922 83.58310626703
877809 618371 83.58310626703


690027 1496978 83.6054421768708
691469 1498396 83.6054421768708


1496978 690027 83.6054421768708
1498396 691469 83.6054421768708


825900 1656432 83.6056644880174
827679 1658230 83.6056644880174


1656432 825900 83.6056644880174
1658230 827679 83.6056644880174


403604 1420401 83.6336336336336
404269 1421064 83.6336336336336


1420401 403604 83.6336336336336
1421064 404269 83.6336336336336


1424793 928848 83.6445108289768
1426114 930173 83.6445108289768


496781 1270593 83.6753305973552
498919 1272737 83.6753305973552


1270593 496781 83.6753305973552
1272737 498919 83.6753305973552


1345928 1421785 83.6898395721925
1346286 1422147 83.6898395721925


1421785 1345928 83.6898395721925
1422147 1346286 83.6898395721925


536037 1047826 83.6907730673317
538021 1049796 83.6907730673317


1047826 536037 83.6907730673317
1049796 538021 83.6907730673317


877215 986281 83.6974789915966
877809 986875 83.6974789915966


986281 877215 83.6974789915966
986875 877809 83.6974789915966


723944 1545516 83.698296836983
724337 1545919 83.698296836983


1545516 723944 83.698296836983
1545919 724337 83.698296836983


403621 986276 83.7209302325581
404264 986918 83.7209302325581


986276 403621 83.7209302325581
986918 404264 83.7209302325581


402835 1035113 83.728813559322
404269 1036575 83.728813559322


1035113 402835 83.728813559322
1036575 404269 83.728813559322


310663 1656432 83.7342497136312
312360 1658119 83.7342497136312


1656432 310663 83.7342497136312
1658119 312360 83.7342497136312


496603 1545486 83.739406779661
498435 1547332 83.739406779661


1545486 496603 83.739406779661
1547332 498435 83.739406779661


536047 616415 83.7406483790524
538021 618384 83.7406483790524


616415 536047 83.7406483790524
618384 538021 83.7406483790524


353110 637053 83.7461300309597
353740 637683 83.7461300309597


637053 353110 83.7461300309597
637683 353740 83.7461300309597


909491 1047826 83.7487537387836
911473 1049796 83.7487537387836


1047826 909491 83.7487537387836
1049796 911473 83.7487537387836


317098 1270621 83.75
317330 1270857 83.75


1270621 317098 83.75
1270857 317330 83.75


1272132 1420404 83.7579617834395
1272742 1421029 83.7579617834395


1420404 1272132 83.7579617834395
1421029 1272742 83.7579617834395


537519 1658365 83.7686567164179
538051 1658900 83.7686567164179


1658365 537519 83.7686567164179
1658900 538051 83.7686567164179


538773 759133 83.7772397094431
539175 759531 83.7772397094431


759133 538773 83.7772397094431
759531 539175 83.7772397094431


538774 1656432 83.779443254818
540594 1658237 83.779443254818


1656432 538774 83.779443254818
1658237 540594 83.779443254818


496978 616449 83.7810440952864
498925 618384 83.7810440952864


616449 496978 83.7810440952864
618384 498925 83.7810440952864


1270593 1497153 83.7825491091823
1272742 1499302 83.7825491091823


1497153 1270593 83.7825491091823
1499302 1272742 83.7825491091823


1083915 1702075 83.8164251207729
1084739 1702812 83.8164251207729


1702075 1083915 83.8164251207729
1702812 1084739 83.8164251207729


796947 1460787 83.8362068965517
798777 1462573 83.8362068965517


1460787 796947 83.8362068965517
1462573 798777 83.8362068965517


827778 1462694 83.8461538461539
828164 1463082 83.8461538461539


1462694 827778 83.8461538461539
1463082 828164 83.8461538461539


353110 1270621 83.8509316770186
353740 1271249 83.8509316770186


1270621 353110 83.8509316770186
1271249 353740 83.8509316770186


690053 1345928 83.8642659279778
691469 1347343 83.8642659279778


1345928 690053 83.8642659279778
1347343 691469 83.8642659279778


402794 529725 83.8872104733132
403744 530710 83.8872104733132


529725 402794 83.8872104733132
530710 403744 83.8872104733132


865798 976146 83.8971583220568
866535 976883 83.8971583220568


976146 865798 83.8971583220568
976883 866535 83.8971583220568


893294 1460787 83.9086563993627
895153 1462600 83.9086563993627


1460787 893294 83.9086563993627
1462600 895153 83.9086563993627


353110 690228 83.9203675344563
353740 690861 83.9203675344563


690228 353110 83.9203675344563
690861 353740 83.9203675344563


496980 1047872 83.9303991811668
498919 1049791 83.9303991811668


1047872 496980 83.9303991811668
1049791 498919 83.9303991811668


723944 1006229 83.9416058394161
724337 1006632 83.9416058394161


1006229 723944 83.9416058394161
1006632 724337 83.9416058394161


842413 1610850 83.9464882943144
842695 1611148 83.9464882943144


1610850 842413 83.9464882943144
1611148 842695 83.9464882943144


823165 1047826 83.9481555333998
825147 1049796 83.9481555333998


1047826 823165 83.9481555333998
1049796 825147 83.9481555333998


310635 1460787 83.9499146272055
312367 1462478 83.9499146272055


1460787 310635 83.9499146272055
1462478 312367 83.9499146272055


1159706 1658365 83.955223880597
1160237 1658900 83.955223880597


1420527 1658365 83.955223880597
1421059 1658900 83.955223880597


1460787 1610527 83.955223880597
1462600 1612376 83.955223880597


1610527 1460787 83.955223880597
1612376 1462600 83.955223880597


1658365 1159706 83.955223880597
1658900 1160237 83.955223880597


1658365 1420527 83.955223880597
1658900 1421059 83.955223880597


310637 1496978 83.9590443686007
312367 1498693 83.9590443686007


1496978 310637 83.9590443686007
1498693 312367 83.9590443686007


496603 825868 83.9612486544672
498417 827679 83.9612486544672


825868 496603 83.9612486544672
827679 498417 83.9612486544672


636953 1656508 83.9651957737725
638518 1658056 83.9651957737725


1656508 636953 83.9651957737725
1658056 638518 83.9651957737725


826226 1419667 83.9732888146911
826793 1420264 83.9732888146911


1419667 826226 83.9732888146911
1420264 826793 83.9732888146911


710508 913648 83.9805825242718
710919 914027 83.9805825242718


736681 913648 83.9805825242718
737092 914027 83.9805825242718


852212 913648 83.9805825242718
852622 914027 83.9805825242718


913648 852212 83.9805825242718
914027 852622 83.9805825242718


913648 710508 83.9805825242718
914027 710919 83.9805825242718


913648 736681 83.9805825242718
914027 737092 83.9805825242718


442567 444099 83.9869281045752
443753 445286 83.9869281045752


444099 442567 83.9869281045752
445286 443753 83.9869281045752


616922 785293 83.991825613079
618371 786748 83.991825613079


785293 616922 83.991825613079
786748 618371 83.991825613079


353110 1037463 84
353269 1037629 84


688377 736684 84
688925 737219 84


736684 688377 84
737219 688925 84


912592 1419667 84
913160 1420265 84


1037463 353110 84
1037629 353269 84


1342590 1581262 84
1343063 1581722 84


1419667 912592 84
1420265 913160 84


736684 1004583 84.0044742729307
737545 1005474 84.0044742729307


1004583 736684 84.0044742729307
1005474 737545 84.0044742729307


876354 1004024 84.0082361015786
877808 1005467 84.0082361015786


1004024 876354 84.0082361015786
1005467 877808 84.0082361015786


1460787 1545489 84.0106951871658
1462600 1547332 84.0106951871658


1545489 1460787 84.0106951871658
1547332 1462600 84.0106951871658


346661 1656432 84.0114613180516
348360 1658119 84.0114613180516


1656432 346661 84.0114613180516
1658119 348360 84.0114613180516


498421 1658365 84.0148698884758
498955 1658900 84.0148698884758


538748 1496978 84.0148698884758
540605 1498815 84.0148698884758


1496978 538748 84.0148698884758
1498815 540605 84.0148698884758


1658365 498421 84.0148698884758
1658900 498955 84.0148698884758


796975 1656432 84.0281537628587
798771 1658215 84.0281537628587


1656432 796975 84.0281537628587
1658215 798771 84.0281537628587


1047826 1208980 84.0319361277445
1049796 1210966 84.0319361277445


1208980 1047826 84.0319361277445
1210966 1049796 84.0319361277445


876354 1048342 84.041095890411
877809 1049784 84.041095890411


1048342 876354 84.041095890411
1049784 877809 84.041095890411


865678 1037288 84.045584045584
866014 1037629 84.045584045584


1037288 865678 84.045584045584
1037629 866014 84.045584045584


690052 865677 84.0579710144928
690456 866076 84.0579710144928


865677 1545516 84.0579710144928
866076 1545919 84.0579710144928


865677 690052 84.0579710144928
866076 690456 84.0579710144928


1545516 865677 84.0579710144928
1545919 866076 84.0579710144928


430158 1342838 84.070796460177
430375 1343063 84.070796460177


346635 1496978 84.0728100113766
348367 1498693 84.0728100113766


1496978 346635 84.0728100113766
1498693 348367 84.0728100113766


538774 1419348 84.0764331210191
539693 1420265 84.0764331210191


1419348 538774 84.0764331210191
1420265 539693 84.0764331210191


1006230 1419348 84.1008771929825
1007106 1420235 84.1008771929825


1419348 1006230 84.1008771929825
1420235 1007106 84.1008771929825


893322 1656432 84.1091492776886
895142 1658237 84.1091492776886


1003171 1656432 84.1091492776886
1004993 1658237 84.1091492776886


1656432 893322 84.1091492776886
1658237 895142 84.1091492776886


1656432 1003171 84.1091492776886
1658237 1004993 84.1091492776886


1406285 1656902 84.1176470588235
1407604 1658237 84.1176470588235


1656902 1406285 84.1176470588235
1658237 1407604 84.1176470588235


353110 797150 84.1294298921418
353740 797781 84.1294298921418


797150 353110 84.1294298921418
797781 353740 84.1294298921418


626232 1006603 84.1300191204589
626754 1007106 84.1300191204589


1006603 626232 84.1300191204589
1007106 626754 84.1300191204589


1082295 1657096 84.1337907375643
1083418 1658237 84.1337907375643


1657096 1082295 84.1337907375643
1658237 1083418 84.1337907375643


825900 1584544 84.1549295774648
826445 1585105 84.1549295774648


1584544 825900 84.1549295774648
1585105 826445 84.1549295774648


736681 1271846 84.1617523167649
737837 1273026 84.1617523167649


1271846 736681 84.1617523167649
1273026 737837 84.1617523167649


736681 1083008 84.1637010676157
737242 1083562 84.1637010676157


1083008 736681 84.1637010676157
1083562 737242 84.1637010676157


1158249 1424793 84.167289021658
1159576 1426114 84.167289021658


1424793 1158249 84.167289021658
1426114 1159576 84.167289021658


960377 1658365 84.171322160149
960909 1658900 84.171322160149


1658365 960377 84.171322160149
1658900 960909 84.171322160149


538747 1460788 84.2105263157895
540605 1462600 84.2105263157895


1460788 538747 84.2105263157895
1462600 540605 84.2105263157895


401947 1064007 84.2178770949721
402631 1064719 84.2178770949721


1064007 401947 84.2178770949721
1064719 402631 84.2178770949721


1496978 1610529 84.2356687898089
1498815 1612376 84.2356687898089


1610529 1496978 84.2356687898089
1612376 1498815 84.2356687898089


623560 1064007 84.2377260981912
623932 1064385 84.2377260981912


1064007 623560 84.2377260981912
1064385 623932 84.2377260981912


1270593 1419497 84.2439644218551
1271356 1420259 84.2439644218551


1419497 1270593 84.2439644218551
1420259 1271356 84.2439644218551


401947 1610556 84.247311827957
403744 1612376 84.247311827957


1610556 401947 84.247311827957
1612376 403744 84.247311827957


822932 865775 84.251968503937
823691 866535 84.251968503937


865775 822932 84.251968503937
866535 823691 84.251968503937


1270593 1460963 84.251968503937
1271340 1461706 84.251968503937


1460963 1270593 84.251968503937
1461706 1271340 84.251968503937


317098 637053 84.2553191489362
317325 637284 84.2553191489362


637053 317098 84.2553191489362
637284 317325 84.2553191489362


759133 1545516 84.2615012106538
759531 1545919 84.2615012106538


1545516 759133 84.2615012106538
1545919 759531 84.2615012106538


909311 1270594 84.2655752614825
911473 1272742 84.2655752614825


1270594 909311 84.2655752614825
1272742 911473 84.2655752614825


496978 1424816 84.2705167173252
498282 1426114 84.2705167173252


1424816 496978 84.2705167173252
1426114 498282 84.2705167173252


1463837 723944 84.2751842751843
1464239 724337 84.2751842751843


759134 1037288 84.2857142857143
759469 1037629 84.2857142857143


1037288 759134 84.2857142857143
1037629 759469 84.2857142857143


385892 1346136 84.2874543239951
387510 1347762 84.2874543239951


1346136 385892 84.2874543239951
1347762 387510 84.2874543239951


1424944 1656908 84.297520661157
1426114 1658095 84.297520661157


1656908 1424944 84.297520661157
1658095 1426114 84.297520661157


912237 1460787 84.3010752688172
913138 1461706 84.3010752688172


1460787 912237 84.3010752688172
1461706 913138 84.3010752688172


1003171 1402991 84.3228200371058
1005297 1405106 84.3228200371058


1402991 1003171 84.3228200371058
1405106 1005297 84.3228200371058


1270593 1346079 84.3235831809872
1272742 1348243 84.3235831809872


1346079 1270593 84.3235831809872
1348243 1272742 84.3235831809872


1158046 1270593 84.3253066787824
1160207 1272742 84.3253066787824


1270593 1158046 84.3253066787824
1272742 1160207 84.3253066787824


444099 687728 84.3283582089552
445267 688927 84.3283582089552


687728 444099 84.3283582089552
688927 445267 84.3283582089552


1498801 1658365 84.3283582089552
1499332 1658900 84.3283582089552


1658365 1498801 84.3283582089552
1658900 1499332 84.3283582089552


317098 690228 84.3373493975904
317330 690469 84.3373493975904


402631 1082295 84.3404255319149
403763 1083448 84.3404255319149


1082295 402631 84.3404255319149
1083448 403763 84.3404255319149


386056 626232 84.3465045592705
386693 626882 84.3465045592705


626232 386056 84.3465045592705
626882 386693 84.3465045592705


785293 1004024 84.3514070006863
786747 1005467 84.3514070006863


1004024 785293 84.3514070006863
1005467 786747 84.3514070006863


822985 1270594 84.356525693497
825147 1272742 84.356525693497


1270594 822985 84.356525693497
1272742 825147 84.356525693497


986385 1658365 84.3575418994413
986918 1658900 84.3575418994413


1658365 986385 84.3575418994413
1658900 986918 84.3575418994413


401947 1545517 84.3581445523193
403744 1547332 84.3581445523193


1545517 401947 84.3581445523193
1547332 403744 84.3581445523193


914121 1462694 84.3589743589744
914507 1463082 84.3589743589744


1462694 914121 84.3589743589744
1463082 914507 84.3589743589744


1496978 1545491 84.3617021276596
1498815 1547332 84.3617021276596


1545491 1496978 84.3617021276596
1547332 1498815 84.3617021276596


865794 950154 84.366576819407
866535 950894 84.366576819407


950154 865794 84.366576819407
950894 866535 84.366576819407


353110 538947 84.3797856049005
353740 539580 84.3797856049005


538947 353110 84.3797856049005
539580 353740 84.3797856049005


496705 636950 84.3847595252967
498248 638523 84.3847595252967


636950 496705 84.3847595252967
638523 498248 84.3847595252967


1052477 1417612 84.3859649122807
1053036 1418180 84.3859649122807


444099 1497755 84.4006568144499
445285 1498961 84.4006568144499


1497755 444099 84.4006568144499
1498961 445285 84.4006568144499


1208798 1270593 84.4090909090909
1210966 1272742 84.4090909090909


1270593 1208798 84.4090909090909
1272742 1210966 84.4090909090909


636950 724016 84.4117647058823
637276 724337 84.4117647058823


724016 636950 84.4117647058823
724337 637276 84.4117647058823


535655 1405731 84.4142259414226
537533 1407615 84.4142259414226


1405731 535655 84.4142259414226
1407615 537533 84.4142259414226


636955 1497082 84.4262295081967
638518 1498623 84.4262295081967


1497082 636955 84.4262295081967
1498623 638518 84.4262295081967


1006230 1584544 84.4290657439446
1006787 1585105 84.4290657439446


1584544 1006230 84.4290657439446
1585105 1006787 84.4290657439446


353110 1542554 84.4615384615385
353740 1543172 84.4615384615385


1542554 353110 84.4615384615385
1543172 353740 84.4615384615385


409342 1497047 84.4746162927981
411015 1498693 84.4746162927981


1497047 409342 84.4746162927981
1498693 411015 84.4746162927981


385892 402153 84.4961240310078
387286 403551 84.4961240310078


402153 385892 84.4961240310078
403551 387286 84.4961240310078


623560 1545517 84.4961240310078
623932 1545894 84.4961240310078


1545517 623560 84.4961240310078
1545894 623932 84.4961240310078


626354 1406285 84.4990548204159
626882 1406796 84.4990548204159


1406285 626354 84.4990548204159
1406796 626882 84.4990548204159


1006235 545551 84.5
1006625 545936 84.5


690052 759133 84.5036319612591
690456 759531 84.5036319612591


759133 690052 84.5036319612591
759531 690456 84.5036319612591


623560 912266 84.5144356955381
623932 912643 84.5144356955381


912266 623560 84.5144356955381
912643 623932 84.5144356955381


545551 912271 84.5177664974619
545936 912661 84.5177664974619


912271 545551 84.5177664974619
912661 545936 84.5177664974619


1006230 1402991 84.5225027442371
1007104 1403880 84.5225027442371


1402991 1006230 84.5225027442371
1403880 1007104 84.5225027442371


623560 1542379 84.5360824742268
623932 1542756 84.5360824742268


1542379 623560 84.5360824742268
1542756 623932 84.5360824742268


976137 1006338 84.5477386934673
976917 1007106 84.5477386934673


1006338 976137 84.5477386934673
1007106 976917 84.5477386934673


402799 876354 84.5628415300546
404222 877809 84.5628415300546


876354 402799 84.5628415300546
877809 404222 84.5628415300546


1035117 1403884 84.5664280031822
1036364 1405112 84.5664280031822


1403884 1035117 84.5664280031822
1405112 1036364 84.5664280031822


1417681 1582904 84.5783132530121
1418835 1584145 84.5783132530121


1582904 1417681 84.5783132530121
1584145 1418835 84.5783132530121


1270593 1584691 84.5794392523365
1271013 1585105 84.5794392523365


