#-- reverse hits sorted by %sim
0 0 0
0 0 0


115130 2216171 63.8297872340426
115317 2215984 63.8297872340426


2215984 115317 63.8297872340426
2216171 115130 63.8297872340426


86609 3767645 75.8771929824561
86836 3767418 75.8771929824561


3767418 86836 75.8771929824561
3767645 86609 75.8771929824561


4380301 4268876 77.4509803921569
4380596 4268575 77.4509803921569


4268575 4380596 77.5244299674267
4268876 4380301 77.5244299674267


2201052 2216171 77.6073619631902
2201377 2215846 77.6073619631902


2215846 2201377 77.6073619631902
2216171 2201052 77.6073619631902


2191728 2216171 79.6195652173913
2192095 2215805 79.6195652173913


2215805 2192095 79.6195652173913
2216171 2191728 79.6195652173913


5462537 6165273 80.2364864864865
5463122 6164768 80.2364864864865


6164768 5463122 80.2364864864865
6165273 5462537 80.2364864864865


153223 325210 81.7135549872123
153978 324500 81.7135549872123


324500 153978 81.7135549872123
325210 153223 81.7135549872123


153225 335032 81.8532818532819
153978 334328 81.8532818532819


334328 153978 81.8532818532819
335032 153225 81.8532818532819


153181 366031 81.9393939393939
153978 365280 81.9393939393939


365280 153978 81.9393939393939
366031 153181 81.9393939393939


1024114 4195050 82.2857142857143
1024459 4194701 82.2857142857143


4194701 1024459 82.2857142857143
4195050 1024114 82.2857142857143


36208 44260 83.7837837837838
36873 43595 83.7837837837838


43595 36873 83.7837837837838
44260 36208 83.7837837837838


191407 355298 85.2417302798982
191754 354910 85.2417302798982


354910 191754 85.2417302798982
355298 191407 85.2417302798982


152095 326327 86.1971830985916
152439 325973 86.1971830985916


5446042 6165273 86.3216266173752
5446574 6164768 86.3216266173752


6164768 5446574 86.3216266173752
6165273 5446042 86.3216266173752


506402 1613363 86.4678899082569
506837 1612953 86.4678899082569


1612953 506837 86.4678899082569
1613363 506402 86.4678899082569


152095 336232 86.4788732394366
152439 335878 86.4788732394366


152097 366556 86.685552407932
152439 366204 86.685552407932


366204 152439 86.685552407932
366556 152097 86.685552407932


1612953 1882266 86.8235294117647
1613354 1881842 86.8235294117647


1612953 1877985 86.8235294117647
1613354 1877561 86.8235294117647


1877561 1613354 86.8235294117647
1877985 1612953 86.8235294117647


1881842 1613354 86.8235294117647
1882266 1612953 86.8235294117647


749539 3337656 86.9170984455959
750301 3336888 86.9170984455959


3336888 750301 86.9170984455959
3337656 749539 86.9170984455959


3755243 6172190 87.0967741935484
3755447 6171977 87.0967741935484


6171977 3755447 87.0967741935484
6172190 3755243 87.0967741935484


87696 370001 87.3015873015873
87982 369692 87.3015873015873


369692 87982 87.3015873015873
370001 87696 87.3015873015873


335878 152439 87.593984962406
336143 152180 87.593984962406


86344 5467471 87.6865671641791
86878 5466936 87.6865671641791


5466936 86878 87.6865671641791
5467471 86344 87.6865671641791


4643675 4663749 87.9171461449942
4644531 4662905 87.9171461449942


4662905 4644531 87.9171461449942
4663749 4643675 87.9171461449942


4621899 4663731 88.1656804733728
4622066 4663564 88.1656804733728


4663564 4622066 88.1656804733728
4663731 4621899 88.1656804733728


354473 192360 88.3268482490272
354714 192104 88.3268482490272


192104 354714 88.3720930232558
192360 354473 88.3720930232558


155415 333429 88.4210526315789
156911 331991 88.4210526315789


331991 156911 88.4210526315789
333429 155415 88.4210526315789


185469 355909 88.8888888888889
185693 355679 88.8888888888889


355679 185693 88.8888888888889
355909 185469 88.8888888888889


3764669 6165008 89.4067796610169
3764897 6164774 89.4067796610169


6164774 3764897 89.4067796610169
6165008 3764669 89.4067796610169


12637 262234 89.4093686354379
13125 261772 89.4093686354379


261772 13125 89.4093686354379
262234 12637 89.4093686354379


3866186 4075169 89.5522388059701
3866654 4074701 89.5522388059701


4074701 3866654 89.5522388059701
4075169 3866186 89.5522388059701


3866186 4035685 89.5744680851064
3866655 4035216 89.5744680851064


3866186 3981170 89.5744680851064
3866655 3980701 89.5744680851064


3980701 3866655 89.5744680851064
3981170 3866186 89.5744680851064


4035216 3866655 89.5744680851064
4035685 3866186 89.5744680851064


1612976 2689837 89.6414342629482
1613225 2689591 89.6414342629482


2689591 1613225 89.6414342629482
2689837 1612976 89.6414342629482


220632 3337653 89.6907216494845
221404 3336882 89.6907216494845


3336882 221404 89.6907216494845
3337653 220632 89.6907216494845


5462769 6172289 89.6969696969697
5463097 6171977 89.6969696969697


6171977 5463097 89.6969696969697
6172289 5462769 89.6969696969697


1612976 2831537 90
1613225 2831292 90


1612976 2716012 90
1613225 2715767 90


2715767 1613225 90
2716012 1612976 90


2831292 1613225 90
2831537 1612976 90


1612954 2720357 90.0735294117647
1613225 2720090 90.0735294117647


1612954 2836246 90.0735294117647
1613225 2835979 90.0735294117647


2720090 1613225 90.0735294117647
2720357 1612954 90.0735294117647


2835979 1613225 90.0735294117647
2836246 1612954 90.0735294117647


3764670 6172190 90.2325581395349
3764878 6171977 90.2325581395349


6171977 3764878 90.2325581395349
6172190 3764670 90.2325581395349


154812 323600 90.3225806451613
155053 323353 90.3225806451613


154812 333804 90.3225806451613
155053 333557 90.3225806451613


154812 359474 90.3225806451613
155053 359227 90.3225806451613


323353 155053 90.3225806451613
323600 154812 90.3225806451613


333557 155053 90.3225806451613
333804 154812 90.3225806451613


359227 155053 90.3225806451613
359474 154812 90.3225806451613


3336882 5581862 90.4516129032258
3337653 5581091 90.4516129032258


5581091 3337653 90.4516129032258
5581862 3336882 90.4516129032258


5467169 6439678 90.5882352941177
5467420 6439426 90.5882352941177


325973 152439 90.6077348066298
326153 152259 90.6077348066298


155369 359156 90.6350224502886
156911 357637 90.6350224502886


357637 156911 90.6350224502886
359156 155369 90.6350224502886


220988 5425556 90.6976744186046
221331 5425218 90.6976744186046


5425218 221331 90.6976744186046
5425556 220988 90.6976744186046


155369 323284 90.719114935464
156967 321694 90.719114935464


321694 156967 90.719114935464
323284 155369 90.719114935464


12208 262511 90.8602150537634
12390 262326 90.8602150537634


262326 12390 90.8602150537634
262511 12208 90.8602150537634


86936 5093907 90.9560723514212
87320 5093522 90.9560723514212


5093522 87320 90.9560723514212
5093907 86936 90.9560723514212


2444952 4964710 91.0891089108911
2445153 4964512 91.0891089108911


4964512 2445153 91.0891089108911
4964710 2444952 91.0891089108911


1262740 5266856 91.1082474226804
1263514 5266086 91.1082474226804


5266086 1263514 91.1082474226804
5266856 1262740 91.1082474226804


2445155 4964311 91.3978494623656
2445340 4964129 91.3978494623656


4964129 2445340 91.3978494623656
4964311 2445155 91.3978494623656


749883 5425572 91.7582417582418
750245 5425212 91.7582417582418


5425212 750245 91.7582417582418
5425572 749883 91.7582417582418


4764117 5490162 91.7874396135266
4764323 5489960 91.7874396135266


5489960 4764323 91.7874396135266
5490162 4764117 91.7874396135266


6439426 5467420 91.8918918918919
6439609 5467237 91.8918918918919


5466753 6439678 92.0634920634921
5466939 6439491 92.0634920634921


6439491 5466939 92.0634920634921
6439678 5466753 92.0634920634921


497253 6292128 92.1052631578947
497366 6292015 92.1052631578947


6292015 497366 92.1052631578947
6292128 497253 92.1052631578947


86344 5093824 92.1311475409836
86646 5093521 92.1311475409836


5093521 86646 92.1311475409836
5093824 86344 92.1311475409836


3766960 5093823 92.4590163934426
3767263 5093521 92.4590163934426


5093521 3767263 92.4590163934426
5093823 3766960 92.4590163934426


74364 372681 92.4974823766365
76321 370728 92.4974823766365


370728 76321 92.4974823766365
372681 74364 92.4974823766365


86786 5093885 92.6174496644295
86934 5093739 92.6174496644295


5093739 86934 92.6174496644295
5093885 86786 92.6174496644295


1191538 5446585 92.6724137931034
1191769 5446359 92.6724137931034


5446359 1191769 92.6724137931034
5446585 1191538 92.6724137931034


1338949 6292129 92.9203539823009
1339061 6292017 92.9203539823009


6292017 1339061 92.9203539823009
6292129 1338949 92.9203539823009


2444344 2445942 93.0348258706468
2445942 2444344 93.0348258706468


497253 6257281 93.0434782608696
497366 6257167 93.0434782608696


6257167 497366 93.0434782608696
6257281 497253 93.0434782608696


1191538 5463134 93.1034482758621
1191769 5462907 93.1034482758621


5462907 1191769 93.1034482758621
5463134 1191538 93.1034482758621


154595 323849 93.7007874015748
154718 323723 93.7007874015748


154595 364857 93.7007874015748
154718 364731 93.7007874015748


323723 154718 93.7007874015748
323849 154595 93.7007874015748


364731 154718 93.7007874015748
364857 154595 93.7007874015748


1338950 6257281 94.6902654867257
1339061 6257169 94.6902654867257


6257169 1339061 94.6902654867257
6257281 1338950 94.6902654867257


5268535 6477768 94.8275862068966
5268766 6477537 94.8275862068966


6477537 5268766 94.8275862068966
6477768 5268535 94.8275862068966


3767227 3767644 95.9427207637232
3767644 3767227 95.9427207637232


397417 4158463 96.2616822429907
397630 4158250 96.2616822429907


4158250 397630 96.2616822429907
4158463 397417 96.2616822429907


86936 5467048 96.3302752293578
87044 5466940 96.3302752293578


5466940 87044 96.3302752293578
5467048 86936 96.3302752293578


192807 353871 96.4285714285714
192918 353760 96.4285714285714


353760 192918 96.4285714285714
353871 192807 96.4285714285714


985173 1339061 96.4285714285714
985284 1338950 96.4285714285714


1338950 985284 96.4285714285714
1339061 985173 96.4285714285714


193479 353397 96.6666666666667
193628 353249 96.6666666666667


353249 193628 96.6666666666667
353397 193479 96.6666666666667


5446319 6172207 96.969696969697
5446549 6171977 96.969696969697


6171977 5446549 96.969696969697
6172207 5446319 96.969696969697


3866186 3920230 97.0212765957447
3866655 3919761 97.0212765957447


3919761 3866655 97.0212765957447
3920230 3866186 97.0212765957447


105093 124529 97.7777777777778
105182 124440 97.7777777777778


124440 105182 97.7777777777778
124529 105093 97.7777777777778


95899 124286 97.8021978021978
95989 124196 97.8021978021978


124196 95989 97.8021978021978
124286 95899 97.8021978021978


86463 5466936 97.8260869565217
86645 5466753 97.8260869565217


5466753 86645 97.8260869565217
5466936 86463 97.8260869565217


3766960 5467470 97.8354978354978
3767421 5467010 97.8354978354978


5467010 3767421 97.8354978354978
5467470 3766960 97.8354978354978


87134 5466939 97.8609625668449
87320 5466753 97.8609625668449


5466753 87320 97.8609625668449
5466939 87134 97.8609625668449


87016 5467473 98.0327868852459
87320 5467169 98.0327868852459


5467169 87320 98.0327868852459
5467473 87016 98.0327868852459


4964094 4964745 98.1617647058823
4964365 4964474 98.1617647058823


4964474 4964365 98.1617647058823
4964745 4964094 98.1617647058823


180570 1339061 98.2142857142857
180681 1338950 98.2142857142857


1338950 180681 98.2142857142857
1339061 180570 98.2142857142857


3767075 5466939 98.4042553191489
3767262 5466753 98.4042553191489


2200739 2216485 98.5185185185185
2200873 2216351 98.5185185185185


2216351 2200873 98.5185185185185
2216485 2200739 98.5185185185185


86936 3767488 98.5915492957747
87006 3767418 98.5915492957747


3767418 87006 98.5915492957747
3767488 86936 98.5915492957747


6446074 6446642 98.5964912280702
6446642 6446074 98.5964912280702


5466753 3767262 98.876404494382
5466929 3767085 98.876404494382


86846 5467473 98.8888888888889
86935 5467384 98.8888888888889


5467384 86935 98.8888888888889
5467473 86846 98.8888888888889


95899 115220 98.9010989010989
95989 115130 98.9010989010989


105336 124286 98.9010989010989
105426 124196 98.9010989010989


115130 95989 98.9010989010989
115220 95899 98.9010989010989


124196 105426 98.9010989010989
124286 105336 98.9010989010989


2427319 4484407 99.5644057249533
2428925 4482801 99.5644057249533


4482801 2428925 99.5644057249533
4484407 2427319 99.5644057249533


105336 115220 100
105426 115130 100


115130 105426 100
115220 105336 100


877709 879121 100
877785 879045 100


879045 877785 100
879121 877709 100


6446037 6449753 100
6446212 6449578 100


6449578 6446212 100
6449753 6446037 100


