#-- reverse hits sorted by %sim
0 0 0
0 0 0


149682 386007 74.7906976744186
150737 385150 74.7906976744186


385150 150737 74.9767441860465
386007 149682 74.9767441860465


2386909 2606291 75.7142857142857
2387256 2605942 75.7142857142857


2605942 2387256 75.7142857142857
2606291 2386909 75.7142857142857


149682 326999 78.9522918615529
150737 326106 78.9522918615529


326106 150737 78.9522918615529
326999 149682 78.9522918615529


149682 344053 79.0157845868152
150737 343143 79.0157845868152


343143 150737 79.2014856081708
344053 149682 79.2014856081708


152646 362295 81.9314641744548
153243 361697 81.9314641744548


361697 153243 81.9314641744548
362295 152646 81.9314641744548


4699579 4709214 83.7357052096569
4700354 4708429 83.7357052096569


4708429 4700354 83.7357052096569
4709214 4699579 83.7357052096569


1848658 5006006 83.984375
1848910 5005759 83.984375


5005759 1848910 83.984375
5006006 1848658 83.984375


1847340 5007171 84.4036697247707
1847553 5006958 84.4036697247707


5006958 1847553 84.4036697247707
5007171 1847340 84.4036697247707


73381 319611 84.4290657439446
73919 319040 84.4290657439446


319040 73919 84.4290657439446
319611 73381 84.4290657439446


4293118 4709127 84.6268656716418
4293785 4708458 84.6268656716418


4708458 4293785 84.6268656716418
4709127 4293118 84.6268656716418


145784 367256 84.7144006436042
146952 366055 84.7144006436042


366055 146952 84.7144006436042
367256 145784 84.7144006436042


843629 4700354 84.9420849420849
844390 4699584 84.9420849420849


4699584 844390 84.9420849420849
4700354 843629 84.9420849420849


843658 4293785 85.2017937219731
844314 4293117 85.2017937219731


1441698 5484902 85.2941176470588
1442274 5484374 85.2941176470588


5484374 1442274 85.2941176470588
5484902 1441698 85.2941176470588


1203532 1289140 85.5813953488372
1203957 1288715 85.5813953488372


1207817 1289140 85.5813953488372
1208242 1288715 85.5813953488372


1288715 1203957 85.5813953488372
1289140 1203532 85.5813953488372


1288715 1208242 85.5813953488372
1289140 1207817 85.5813953488372


1203522 1318177 85.6164383561644
1203957 1317743 85.6164383561644


1317743 1203957 85.6164383561644
1318177 1203522 85.6164383561644


1207817 1318167 85.7476635514019
1208242 1317743 85.7476635514019


1317743 1208242 85.7476635514019
1318167 1207817 85.7476635514019


4293117 844314 85.8208955223881
4293518 843924 85.8208955223881


2709881 2871562 86.1971830985916
2710229 2871234 86.1971830985916


2871234 2710229 86.1971830985916
2871562 2709881 86.1971830985916


4708586 4870021 86.2637362637363
4708767 4869841 86.2637362637363


4869841 4708767 86.2637362637363
4870021 4708586 86.2637362637363


2393016 2604834 86.3095238095238
2393512 2604331 86.3095238095238


2604331 2393512 86.3095238095238
2604834 2393016 86.3095238095238


144138 378792 86.5051903114187
144410 378506 86.5051903114187


378506 144410 86.5051903114187
378792 144138 86.5051903114187


149682 363859 86.6889632107023
151148 362466 86.6889632107023


362466 151148 86.6889632107023
363859 149682 86.6889632107023


144601 314287 86.6995073891626
144987 313884 86.6995073891626


313884 144987 86.6995073891626
314287 144601 86.6995073891626


4153952 4228822 86.9822485207101
4154119 4228655 86.9822485207101


4228655 4154119 86.9822485207101
4228822 4153952 86.9822485207101


73709 335963 87.012987012987
73923 335736 87.012987012987


73709 394973 87.012987012987
73923 394746 87.012987012987


335736 73923 87.012987012987
335963 73709 87.012987012987


394746 73923 87.012987012987
394973 73709 87.012987012987


4711842 5889767 87.027027027027
4712211 5889435 87.027027027027


5889435 4712211 87.027027027027
5889767 4711842 87.027027027027


144138 314589 87.19723183391
144410 314303 87.19723183391


314303 144410 87.19723183391
314589 144138 87.19723183391


74320 318930 87.3015873015873
74606 318621 87.3015873015873


318621 74606 87.3015873015873
318930 74320 87.3015873015873


142977 315505 87.7840909090909
143321 315154 87.7840909090909


315154 143321 87.7840909090909
315505 142977 87.7840909090909


145784 351189 87.979797979798
147677 349259 87.979797979798


349259 147677 87.979797979798
351189 145784 87.979797979798


1845517 5009103 88.0503144654088
1845833 5008786 88.0503144654088


5008786 1845833 88.0503144654088
5009103 1845517 88.0503144654088


1288707 1816638 88.0733944954129
1289138 1816230 88.0733944954129


1816230 1289138 88.0733944954129
1816638 1288707 88.0733944954129


145234 352276 88.1081081081081
145414 352092 88.1081081081081


145234 368343 88.1081081081081
145414 368159 88.1081081081081


352092 145414 88.1081081081081
352276 145234 88.1081081081081


368159 145414 88.1081081081081
368343 145234 88.1081081081081


1317735 1816638 88.1165919282511
1318177 1816218 88.1165919282511


1816218 1318177 88.1165919282511
1816638 1317735 88.1165919282511


383914 2293330 88.1818181818182
384130 2293112 88.1818181818182


2293112 384130 88.1818181818182
2293330 383914 88.1818181818182


144601 378490 88.2352941176471
144917 378168 88.2352941176471


378168 144917 88.2352941176471
378490 144601 88.2352941176471


2709334 3872165 88.499452354874
2710229 3871275 88.499452354874


3871275 2710229 88.499452354874
3872165 2709334 88.499452354874


2709061 3173826 88.5328836424958
2710229 3172686 88.5328836424958


3172686 2710229 88.5328836424958
3173826 2709061 88.5328836424958


145784 310101 88.6270491803279
147677 308219 88.6270491803279


2461983 2523189 88.6473429951691
2462394 2522778 88.6473429951691


2522778 2462394 88.6473429951691
2523189 2461983 88.6473429951691


308219 147677 88.6782786885246
310101 145784 88.6782786885246


216585 461095 88.7417218543046
216886 460796 88.7417218543046


460796 216886 88.7417218543046
461095 216585 88.7417218543046


2709061 3732817 88.8419273034658
2710229 3731657 88.8419273034658


3731657 2710229 88.8419273034658
3732817 2709061 88.8419273034658


2310528 2774116 88.8571428571429
2310865 2773767 88.8571428571429


2773767 2310865 88.8571428571429
2774116 2310528 88.8571428571429


2012259 2523665 89.047619047619
2012468 2523457 89.047619047619


2523457 2012468 89.047619047619
2523665 2012259 89.047619047619


148601 344580 89.2
148843 344338 89.2


344338 148843 89.2
344580 148601 89.2


1566754 4293785 89.2215568862275
1567418 4293118 89.2215568862275


4293118 1567418 89.2215568862275
4293785 1566754 89.2215568862275


2709061 3012970 89.2554991539763
2710229 3011811 89.2554991539763


3011811 2710229 89.2554991539763
3012970 2709061 89.2554991539763


2709061 3606004 89.3401015228426
2710229 3604845 89.3401015228426


3604845 2710229 89.3401015228426
3606004 2709061 89.3401015228426


2707622 3788283 89.3687707641196
2707915 3787985 89.3687707641196


3787985 2707915 89.3687707641196
3788283 2707622 89.3687707641196


148625 386534 89.3890675241157
148930 386229 89.3890675241157


386229 148930 89.3890675241157
386534 148625 89.3890675241157


2709061 3654917 89.460370994941
2710229 3653767 89.460370994941


2709061 3061254 89.460370994941
2710229 3060104 89.460370994941


2709061 3436891 89.460370994941
2710229 3435741 89.460370994941


3060104 2710229 89.460370994941
3061254 2709061 89.460370994941


3435741 2710229 89.460370994941
3436891 2709061 89.460370994941


3653767 2710229 89.460370994941
3654917 2709061 89.460370994941


2756490 3161454 89.4814814814815
2757155 3160782 89.4814814814815


3160782 2757155 89.4814814814815
3161454 2756490 89.4814814814815


4162127 4843119 89.527027027027
4162422 4842825 89.527027027027


4162127 4853047 89.527027027027
4162422 4852753 89.527027027027


4842825 4162422 89.527027027027
4843119 4162127 89.527027027027


4852753 4162422 89.527027027027
4853047 4162127 89.527027027027


2709061 2943884 89.5446880269814
2710229 2942734 89.5446880269814


2709061 3544266 89.5446880269814
2710229 3543116 89.5446880269814


2942734 2710229 89.5446880269814
2943884 2709061 89.5446880269814


3543116 2710229 89.5446880269814
3544266 2709061 89.5446880269814


148601 364387 89.6
148843 364143 89.6


364143 148843 89.6
364387 148601 89.6


12184 265971 89.6363636363636
12731 265451 89.6363636363636


265451 12731 89.6363636363636
265971 12184 89.6363636363636


2709061 3786683 89.7133220910624
2710229 3785533 89.7133220910624


3785533 2710229 89.7133220910624
3786683 2709061 89.7133220910624


2756471 3644834 89.8989898989899
2757155 3644144 89.8989898989899


3644144 2757155 89.8989898989899
3644834 2756471 89.8989898989899


4205418 4228840 89.9874843554443
4206201 4228060 89.9874843554443


4228060 4206201 89.9874843554443
4228840 4205418 89.9874843554443


148625 327521 90
148930 327217 90


327217 148930 90
327521 148625 90


2707622 3545867 90.0332225913621
2707915 3545568 90.0332225913621


2707622 3062855 90.0332225913621
2707915 3062556 90.0332225913621


2707622 3438552 90.0332225913621
2707915 3438254 90.0332225913621


2707622 3678086 90.0332225913621
2707915 3677787 90.0332225913621


3062556 2707915 90.0332225913621
3062855 2707622 90.0332225913621


3438254 2707915 90.0332225913621
3438552 2707622 90.0332225913621


3545568 2707915 90.0332225913621
3545867 2707622 90.0332225913621


3677787 2707915 90.0332225913621
3678086 2707622 90.0332225913621


843972 4859081 90.1098901098901
844334 4858723 90.1098901098901


4858723 844334 90.1098901098901
4859081 843972 90.1098901098901


2709061 3879547 90.3225806451613
2709338 3879282 90.3225806451613


3879282 2709338 90.3225806451613
3879547 2709061 90.3225806451613


2707622 2945488 90.3654485049834
2707915 2945189 90.3654485049834


2707622 3607606 90.3654485049834
2707915 3607306 90.3654485049834


2707622 3881147 90.3654485049834
2707915 3880849 90.3654485049834


2945189 2707915 90.3654485049834
2945488 2707622 90.3654485049834


3607306 2707915 90.3654485049834
3607606 2707622 90.3654485049834


3880849 2707915 90.3654485049834
3881147 2707622 90.3654485049834


2755580 2785649 90.3834066624764
2757155 2784064 90.3834066624764


2784064 2757155 90.3834066624764
2785649 2755580 90.3834066624764


3946053 5851190 90.625
3946305 5850937 90.625


5850937 3946305 90.625
5851190 3946053 90.625


2707622 3734417 90.6976744186046
2707915 3734118 90.6976744186046


3734118 2707915 90.6976744186046
3734417 2707622 90.6976744186046


1566725 4700354 90.7216494845361
1567498 4699584 90.7216494845361


4699584 1567498 90.7216494845361
4700354 1566725 90.7216494845361


215966 471184 90.7894736842105
216193 470957 90.7894736842105


470957 216193 90.7894736842105
471184 215966 90.7894736842105


2328126 2707910 90.8163265306122
2328321 2707722 90.8163265306122


2707722 2328321 90.8163265306122
2707910 2328126 90.8163265306122


4870027 5851190 90.9803921568627
4870278 5850938 90.9803921568627


5850938 4870278 90.9803921568627
5851190 4870027 90.9803921568627


2707622 3175425 91
2707915 3175127 91


3175127 2707915 91
3175425 2707622 91


3946558 5851190 91.015625
3946810 5850937 91.015625


5850937 3946810 91.015625
5851190 3946558 91.015625


2707622 3393605 91.3621262458472
2707915 3393306 91.3621262458472


2707622 3274979 91.3621262458472
2707915 3274680 91.3621262458472


3274680 2707915 91.3621262458472
3274979 2707622 91.3621262458472


3393306 2707915 91.3621262458472
3393605 2707622 91.3621262458472


2707619 2914656 91.4473684210526
2707915 2914354 91.4473684210526


2914354 2707915 91.4473684210526
2914656 2707619 91.4473684210526


2771936 2791734 91.4634146341463
2772755 2790915 91.4634146341463


2790915 2772755 91.4634146341463
2791734 2771936 91.4634146341463


152358 325769 91.6666666666667
152453 325679 91.6666666666667


152358 342788 91.6666666666667
152453 342698 91.6666666666667


325679 152453 91.6666666666667
325769 152358 91.6666666666667


342698 152453 91.6666666666667
342788 152358 91.6666666666667


2707622 3014570 91.6943521594684
2707915 3014271 91.6943521594684


3014271 2707915 91.6943521594684
3014570 2707622 91.6943521594684


2402704 2604335 91.6955017301038
2402990 2604047 91.6955017301038


2604047 2402990 91.6955017301038
2604335 2402704 91.6955017301038


30567 30724 91.8238993710692
30724 30567 91.8238993710692


11564 266482 91.9168591224018
11994 266052 91.9168591224018


266052 11994 91.9168591224018
266482 11564 91.9168591224018


1566877 4870026 91.9354838709677
1567062 4869841 91.9354838709677


4869841 1567062 91.9354838709677
4870026 1566877 91.9354838709677


2309709 2757155 91.9954904171364
2311463 2755390 91.9954904171364


2755390 2311463 91.9954904171364
2757155 2309709 91.9954904171364


2756647 2798856 92.0826161790017
2757217 2798276 92.0826161790017


2798276 2757217 92.0826161790017
2798856 2756647 92.0826161790017


2773767 3386685 92.2857142857143
2774116 3386336 92.2857142857143


3386336 2774116 92.2857142857143
3386685 2773767 92.2857142857143


2773767 3527153 92.3076923076923
2774116 3526803 92.3076923076923


3526803 2774116 92.3076923076923
3527153 2773767 92.3076923076923


2755605 3527534 92.4407431133889
2757155 3525977 92.4407431133889


3525977 2757155 92.4407431133889
3527534 2755605 92.4407431133889


2708111 3677661 92.4710424710425
2708628 3677144 92.4710424710425


3677144 2708628 92.4710424710425
3677661 2708111 92.4710424710425


2709061 3273377 92.5423728813559
2710229 3272220 92.5423728813559


3272220 2710229 92.5423728813559
3273377 2709061 92.5423728813559


2773767 3783962 92.5714285714286
2774116 3783613 92.5714285714286


2773767 3434171 92.5714285714286
2774116 3433822 92.5714285714286


2773767 3058533 92.5714285714286
2774116 3058184 92.5714285714286


3058184 2774116 92.5714285714286
3058533 2773767 92.5714285714286


3433822 2774116 92.5714285714286
3434171 2773767 92.5714285714286


3783613 2774116 92.5714285714286
3783962 2773767 92.5714285714286


2773767 3171115 92.5925925925926
2774116 3170765 92.5925925925926


3170765 2774116 92.5925925925926
3171115 2773767 92.5925925925926


2708111 3733992 92.8571428571429
2709061 3733043 92.8571428571429


2773767 3652195 92.8571428571429
2774116 3651847 92.8571428571429


2773767 3010239 92.8571428571429
2774116 3009890 92.8571428571429


3009890 2774116 92.8571428571429
3010239 2773767 92.8571428571429


3651847 2774116 92.8571428571429
3652195 2773767 92.8571428571429


3733043 2709061 92.8571428571429
3733992 2708111 92.8571428571429


2152643 3959962 93.0769230769231
2152772 3959833 93.0769230769231


3959833 2152772 93.0769230769231
3959962 2152643 93.0769230769231


2755040 2843174 93.094944512947
2755843 2842367 93.094944512947


2842367 2755843 93.094944512947
2843174 2755040 93.094944512947


151205 384548 93.1034482758621
151316 384433 93.1034482758621


384433 151316 93.1034482758621
384548 151205 93.1034482758621


2755040 3784911 93.1358721203573
2757155 3782787 93.1358721203573


3782787 2757155 93.1358721203573
3784911 2755040 93.1358721203573


2773767 3869704 93.1428571428571
2774116 3869355 93.1428571428571


2773767 3603272 93.1428571428571
2774116 3602923 93.1428571428571


2773767 3729850 93.1428571428571
2774116 3729501 93.1428571428571


2773767 2941168 93.1428571428571
2774116 2940819 93.1428571428571


2940819 2774116 93.1428571428571
2941168 2773767 93.1428571428571


3602923 2774116 93.1428571428571
3603272 2773767 93.1428571428571


3729501 2774116 93.1428571428571
3729850 2773767 93.1428571428571


3869355 2774116 93.1428571428571
3869704 2773767 93.1428571428571


136376 1985923 93.1506849315068
136521 1985778 93.1506849315068


1985778 136521 93.1506849315068
1985923 136376 93.1506849315068


2708111 3393180 93.1506849315068
2709058 3392233 93.1506849315068


3392233 2709058 93.1506849315068
3393180 2708111 93.1506849315068


2708111 3014145 93.172268907563
2709061 3013196 93.172268907563


2708111 3607180 93.172268907563
2709061 3606230 93.172268907563


3013196 2709061 93.172268907563
3014145 2708111 93.172268907563


3606230 2709061 93.172268907563
3607180 2708111 93.172268907563


2755041 3870652 93.2394366197183
2757159 3868525 93.2394366197183


3868525 2757159 93.2394366197183
3870652 2755041 93.2394366197183


2755043 3387631 93.2674199623352
2757155 3385510 93.2674199623352


3385510 2757155 93.2674199623352
3387631 2755043 93.2674199623352


2755040 2942116 93.2769158439116
2757155 2939995 93.2769158439116


2939995 2757155 93.2769158439116
2942116 2755040 93.2769158439116


2755994 2822023 93.3130699088146
2756651 2821366 93.3130699088146


2821366 2756651 93.3130699088146
2822023 2755994 93.3130699088146


2773772 2822026 93.3333333333333
2774116 2821682 93.3333333333333


2821682 2774116 93.3333333333333
2822026 2773772 93.3333333333333


2708111 3274554 93.389296956978
2709061 3273603 93.389296956978


3273603 2709061 93.389296956978
3274554 2708111 93.389296956978


2755043 3435117 93.4086629001883
2757155 3432996 93.4086629001883


3432996 2757155 93.4086629001883
3435117 2755043 93.4086629001883


2755043 3011186 93.4117647058823
2757155 3009064 93.4117647058823


3009064 2757155 93.4117647058823
3011186 2755043 93.4117647058823


2755043 3271593 93.4179595674659
2757155 3269470 93.4179595674659


3269470 2757155 93.4179595674659
3271593 2755043 93.4179595674659


2773767 3270645 93.4285714285714
2774116 3270296 93.4285714285714


3270296 2774116 93.4285714285714
3270645 2773767 93.4285714285714


2755041 3059481 93.464974141984
2757155 3057358 93.464974141984


3057358 2757155 93.464974141984
3059481 2755041 93.464974141984


2325635 2710229 93.5919055649241
2326817 2709061 93.5919055649241


2709061 2326817 93.5919055649241
2710229 2325635 93.5919055649241


2708111 3175001 93.5924369747899
2709061 3174051 93.5924369747899


2708111 3787859 93.5924369747899
2709061 3786909 93.5924369747899


3174051 2709061 93.5924369747899
3175001 2708111 93.5924369747899


3786909 2709061 93.5924369747899
3787859 2708111 93.5924369747899


2755043 3730796 93.5969868173258
2757155 3728675 93.5969868173258


3728675 2757155 93.5969868173258
3730796 2755043 93.5969868173258


1505172 4866397 93.6073059360731
1505390 4866181 93.6073059360731


4866181 1505390 93.6073059360731
4866397 1505172 93.6073059360731


2755043 3604218 93.6941176470588
2757155 3602097 93.6941176470588


3602097 2757155 93.6941176470588
3604218 2755043 93.6941176470588


2708111 3545442 93.6974789915966
2709061 3544492 93.6974789915966


2708111 3880723 93.6974789915966
2709061 3879773 93.6974789915966


3544492 2709061 93.6974789915966
3545442 2708111 93.6974789915966


3879773 2709061 93.6974789915966
3880723 2708111 93.6974789915966


145567 313461 93.7007874015748
145690 313335 93.7007874015748


313335 145690 93.7007874015748
313461 145567 93.7007874015748


2708122 3438056 93.7300743889479
2709061 3437117 93.7300743889479


3437117 2709061 93.7300743889479
3438056 2708122 93.7300743889479


2708111 3062430 93.8025210084034
2709061 3061480 93.8025210084034


3061480 2709061 93.8025210084034
3062430 2708111 93.8025210084034


1505180 3145687 93.8388625592417
1505390 3145478 93.8388625592417


3145478 1505390 93.8388625592417
3145687 1505180 93.8388625592417


2708121 2945050 93.8428874734607
2709061 2944110 93.8428874734607


2944110 2709061 93.8428874734607
2945050 2708121 93.8428874734607


2327043 2709061 94.3396226415094
2327996 2708109 94.3396226415094


2708109 2327996 94.3396226415094
2709061 2327043 94.3396226415094


2324660 2755393 94.3502824858757
2325012 2755040 94.3502824858757


2755040 2325012 94.3502824858757
2755393 2324660 94.3502824858757


2757592 2793103 94.7802197802198
2757951 2792740 94.7802197802198


2792740 2757951 94.7802197802198
2793103 2757592 94.7802197802198


2755040 3172064 94.7909527073338
2756494 3170606 94.7909527073338


3170606 2756494 94.7909527073338
3172064 2755040 94.7909527073338


2773767 2785238 94.8717948717949
2774116 2784889 94.8717948717949


2784889 2774116 94.8717948717949
2785238 2773767 94.8717948717949


2755040 3653144 94.9965253648367
2756475 3651707 94.9965253648367


3651707 2756475 94.9965253648367
3653144 2755040 94.9965253648367


2755040 3542506 95.0963222416813
2755608 3541936 95.0963222416813


3541936 2755608 95.0963222416813
3542506 2755040 95.0963222416813


2708117 2914221 95.1374207188161
2709061 2913278 95.1374207188161


2913278 2709061 95.1374207188161
2914221 2708117 95.1374207188161


2708624 3655579 95.2164009111617
2709061 3655142 95.2164009111617


3655142 2709061 95.2164009111617
3655579 2708624 95.2164009111617


151877 360982 95.3333333333333
152026 360834 95.3333333333333


360834 152026 95.3333333333333
360982 151877 95.3333333333333


71449 321623 95.5266138165345
73192 319860 95.5266138165345


319860 73192 95.5266138165345
321623 71449 95.5266138165345


152856 360771 95.6140350877193
152969 360658 95.6140350877193


152856 383600 95.6140350877193
152969 383487 95.6140350877193


360658 152969 95.6140350877193
360771 152856 95.6140350877193


383487 152969 95.6140350877193
383600 152856 95.6140350877193


71449 397338 95.7013574660634
73192 395573 95.7013574660634


395573 73192 95.7013574660634
397338 71449 95.7013574660634


71449 338327 95.7579185520362
73192 336562 95.7579185520362


336562 73192 95.7579185520362
338327 71449 95.7579185520362


2709061 3392004 95.8020989505247
2709727 3391338 95.8020989505247


3391338 2709727 95.8020989505247
3392004 2709061 95.8020989505247


151877 383810 96
152026 383663 96


383663 152026 96
383810 151877 96


3707193 4466251 96.039603960396
3707293 4466151 96.039603960396


4466151 3707293 96.039603960396
4466251 3707193 96.039603960396


151205 325522 96.4285714285714
151316 325411 96.4285714285714


151205 361699 96.4285714285714
151316 361588 96.4285714285714


151205 342541 96.4285714285714
151316 342430 96.4285714285714


325411 151316 96.4285714285714
325522 151205 96.4285714285714


342430 151316 96.4285714285714
342541 151205 96.4285714285714


361588 151316 96.4285714285714
361699 151205 96.4285714285714


152856 324837 96.4912280701754
152969 324724 96.4912280701754


324724 152969 96.4912280701754
324837 152856 96.4912280701754


151877 325048 96.6666666666667
152026 324900 96.6666666666667


151877 342067 96.6666666666667
152026 341919 96.6666666666667


324900 152026 96.6666666666667
325048 151877 96.6666666666667


341919 152026 96.6666666666667
342067 151877 96.6666666666667


151758 362470 96.7032967032967
151848 362380 96.7032967032967


362380 151848 96.7032967032967
362470 151758 96.7032967032967


2710106 3388379 96.7741935483871
2710229 3388256 96.7741935483871


3388256 2710229 96.7741935483871
3388379 2710106 96.7741935483871


2757949 2791825 96.875
2758044 2791730 96.875


2791730 2758044 96.875
2791825 2757949 96.875


1685197 4466254 97.1153846153846
1685300 4466151 97.1153846153846


4466151 1685300 97.1153846153846
4466254 1685197 97.1153846153846


2709061 2913053 97.3626373626374
2709515 2912599 97.3626373626374


2912599 2709515 97.3626373626374
2913053 2709061 97.3626373626374


3324778 4853051 97.7346278317152
3325086 4852743 97.7346278317152


3324778 4843123 97.7346278317152
3325086 4842815 97.7346278317152


3334692 4853051 97.7346278317152
3335000 4852743 97.7346278317152


4842815 3325086 97.7346278317152
4843123 3324778 97.7346278317152


4852743 3335000 97.7346278317152
4853051 3334692 97.7346278317152


4852743 3325086 97.7346278317152
4853051 3324778 97.7346278317152


3334686 4843129 97.7777777777778
3335000 4842815 97.7777777777778


4842815 3335000 97.7777777777778
4843129 3334686 97.7777777777778


1382291 4391011 98.5714285714286
1382360 4390942 98.5714285714286


1388946 4391011 98.5714285714286
1389015 4390942 98.5714285714286


4390942 4896654 98.5714285714286
4391011 4896585 98.5714285714286


4390942 1382360 98.5714285714286
4391011 1382291 98.5714285714286


4390942 1389015 98.5714285714286
4391011 1388946 98.5714285714286


4896585 4391011 98.5714285714286
4896654 4390942 98.5714285714286


5857984 5858552 98.5964912280702
5858552 5857984 98.5964912280702


5857947 5861663 100
5858122 5861488 100


5861488 5858122 100
5861663 5857947 100


