#-- reverse hits sorted by %sim
0 0 0
0 0 0


266755 486137 75.7142857142857
267102 485788 75.7142857142857


485788 267102 75.7142857142857
486137 266755 75.7142857142857


589727 751408 86.1971830985916
590075 751080 86.1971830985916


751080 590075 86.1971830985916
751408 589727 86.1971830985916


272862 484680 86.3095238095238
273358 484177 86.3095238095238


484177 273358 86.3095238095238
484680 272862 86.3095238095238


2033798 2108668 86.9822485207101
2033965 2108501 86.9822485207101


2108501 2033965 86.9822485207101
2108668 2033798 86.9822485207101


589180 1752011 88.499452354874
590075 1751121 88.499452354874


1751121 590075 88.499452354874
1752011 589180 88.499452354874


588907 1053672 88.5328836424958
590075 1052532 88.5328836424958


1052532 590075 88.5328836424958
1053672 588907 88.5328836424958


341829 403035 88.6473429951691
342240 402624 88.6473429951691


402624 342240 88.6473429951691
403035 341829 88.6473429951691


588907 1612663 88.8419273034658
590075 1611503 88.8419273034658


1611503 590075 88.8419273034658
1612663 588907 88.8419273034658


190374 653962 88.8571428571429
190711 653613 88.8571428571429


653613 190711 88.8571428571429
653962 190374 88.8571428571429


588907 892816 89.2554991539763
590075 891657 89.2554991539763


891657 590075 89.2554991539763
892816 588907 89.2554991539763


588907 1485850 89.3401015228426
590075 1484691 89.3401015228426


1484691 590075 89.3401015228426
1485850 588907 89.3401015228426


587468 1668129 89.3687707641196
587761 1667831 89.3687707641196


1667831 587761 89.3687707641196
1668129 587468 89.3687707641196


588907 941100 89.460370994941
590075 939950 89.460370994941


588907 1534763 89.460370994941
590075 1533613 89.460370994941


588907 1316737 89.460370994941
590075 1315587 89.460370994941


939950 590075 89.460370994941
941100 588907 89.460370994941


1315587 590075 89.460370994941
1316737 588907 89.460370994941


1533613 590075 89.460370994941
1534763 588907 89.460370994941


636336 1041300 89.4814814814815
637001 1040628 89.4814814814815


1040628 637001 89.4814814814815
1041300 636336 89.4814814814815


588907 1424112 89.5446880269814
590075 1422962 89.5446880269814


588907 823730 89.5446880269814
590075 822580 89.5446880269814


822580 590075 89.5446880269814
823730 588907 89.5446880269814


1422962 590075 89.5446880269814
1424112 588907 89.5446880269814


588907 1666529 89.7133220910624
590075 1665379 89.7133220910624


1665379 590075 89.7133220910624
1666529 588907 89.7133220910624


636321 1524676 89.8403483309144
637001 1523990 89.8403483309144


1523990 637001 89.8989898989899
1524680 636317 89.8989898989899


2085264 2108686 89.9874843554443
2086047 2107906 89.9874843554443


2107906 2086047 89.9874843554443
2108686 2085264 89.9874843554443


587468 1425713 90.0332225913621
587761 1425414 90.0332225913621


587468 942701 90.0332225913621
587761 942402 90.0332225913621


587468 1318398 90.0332225913621
587761 1318100 90.0332225913621


587468 1557932 90.0332225913621
587761 1557633 90.0332225913621


942402 587761 90.0332225913621
942701 587468 90.0332225913621


1318100 587761 90.0332225913621
1318398 587468 90.0332225913621


1425414 587761 90.0332225913621
1425713 587468 90.0332225913621


1557633 587761 90.0332225913621
1557932 587468 90.0332225913621


588907 1759393 90.3225806451613
589184 1759128 90.3225806451613


1759128 589184 90.3225806451613
1759393 588907 90.3225806451613


587468 825334 90.3654485049834
587761 825035 90.3654485049834


587468 1487452 90.3654485049834
587761 1487152 90.3654485049834


587468 1760993 90.3654485049834
587761 1760695 90.3654485049834


825035 587761 90.3654485049834
825334 587468 90.3654485049834


1487152 587761 90.3654485049834
1487452 587468 90.3654485049834


1760695 587761 90.3654485049834
1760993 587468 90.3654485049834


635426 665495 90.3834066624764
637001 663910 90.3834066624764


587468 1614263 90.6976744186046
587761 1613964 90.6976744186046


1613964 587761 90.6976744186046
1614263 587468 90.6976744186046


207972 587756 90.8163265306122
208167 587568 90.8163265306122


587568 208167 90.8163265306122
587756 207972 90.8163265306122


663910 637001 90.8396946564885
665345 635569 90.8396946564885


587468 1055271 91
587761 1054973 91


1054973 587761 91
1055271 587468 91


587468 1154825 91.3621262458472
587761 1154526 91.3621262458472


587468 1273451 91.3621262458472
587761 1273152 91.3621262458472


1154526 587761 91.3621262458472
1154825 587468 91.3621262458472


1273152 587761 91.3621262458472
1273451 587468 91.3621262458472


587465 794502 91.4473684210526
587761 794200 91.4473684210526


794200 587761 91.4473684210526
794502 587465 91.4473684210526


651782 671580 91.4634146341463
652601 670761 91.4634146341463


670761 652601 91.4634146341463
671580 651782 91.4634146341463


587468 894416 91.6943521594684
587761 894117 91.6943521594684


894117 587761 91.6943521594684
894416 587468 91.6943521594684


282550 484181 91.6955017301038
282836 483893 91.6955017301038


483893 282836 91.6955017301038
484181 282550 91.6955017301038


189555 637001 91.9954904171364
191309 635236 91.9954904171364


635236 191309 91.9954904171364
637001 189555 91.9954904171364


636493 678702 92.0826161790017
637063 678122 92.0826161790017


678122 637063 92.0826161790017
678702 636493 92.0826161790017


653613 1266531 92.2857142857143
653962 1266182 92.2857142857143


1266182 653962 92.2857142857143
1266531 653613 92.2857142857143


653613 1406999 92.3076923076923
653962 1406649 92.3076923076923


1406649 653962 92.3076923076923
1406999 653613 92.3076923076923


635451 1407380 92.4407431133889
637001 1405823 92.4407431133889


1405823 637001 92.4407431133889
1407380 635451 92.4407431133889


587957 1557507 92.4710424710425
588474 1556990 92.4710424710425


1556990 588474 92.4710424710425
1557507 587957 92.4710424710425


588907 1153223 92.5423728813559
590075 1152066 92.5423728813559


1152066 590075 92.5423728813559
1153223 588907 92.5423728813559


653613 1314017 92.5714285714286
653962 1313668 92.5714285714286


653613 938379 92.5714285714286
653962 938030 92.5714285714286


653613 1663808 92.5714285714286
653962 1663459 92.5714285714286


938030 653962 92.5714285714286
938379 653613 92.5714285714286


1313668 653962 92.5714285714286
1314017 653613 92.5714285714286


1663459 653962 92.5714285714286
1663808 653613 92.5714285714286


653613 1050961 92.5925925925926
653962 1050611 92.5925925925926


1050611 653962 92.5925925925926
1050961 653613 92.5925925925926


587957 1613838 92.8571428571429
588907 1612889 92.8571428571429


653613 890085 92.8571428571429
653962 889736 92.8571428571429


653613 1532041 92.8571428571429
653962 1531693 92.8571428571429


889736 653962 92.8571428571429
890085 653613 92.8571428571429


1531693 653962 92.8571428571429
1532041 653613 92.8571428571429


1612889 588907 92.8571428571429
1613838 587957 92.8571428571429


32489 1839808 93.0769230769231
32618 1839679 93.0769230769231


1839679 32618 93.0769230769231
1839808 32489 93.0769230769231


634886 723020 93.094944512947
635689 722213 93.094944512947


722213 635689 93.094944512947
723020 634886 93.094944512947


634886 1664757 93.1358721203573
637001 1662633 93.1358721203573


1662633 637001 93.1358721203573
1664757 634886 93.1358721203573


653613 1609696 93.1428571428571
653962 1609347 93.1428571428571


653613 1749550 93.1428571428571
653962 1749201 93.1428571428571


653613 1483118 93.1428571428571
653962 1482769 93.1428571428571


653613 821014 93.1428571428571
653962 820665 93.1428571428571


820665 653962 93.1428571428571
821014 653613 93.1428571428571


1482769 653962 93.1428571428571
1483118 653613 93.1428571428571


1609347 653962 93.1428571428571
1609696 653613 93.1428571428571


1749201 653962 93.1428571428571
1749550 653613 93.1428571428571


587957 1273026 93.1506849315068
588904 1272079 93.1506849315068


1272079 588904 93.1506849315068
1273026 587957 93.1506849315068


587957 893991 93.172268907563
588907 893042 93.172268907563


587957 1487026 93.172268907563
588907 1486076 93.172268907563


893042 588907 93.172268907563
893991 587957 93.172268907563


1486076 588907 93.172268907563
1487026 587957 93.172268907563


634887 1750498 93.2394366197183
637005 1748371 93.2394366197183


1748371 637005 93.2394366197183
1750498 634887 93.2394366197183


634889 1267477 93.2674199623352
637001 1265356 93.2674199623352


1265356 637001 93.2674199623352
1267477 634889 93.2674199623352


634886 821962 93.2769158439116
637001 819841 93.2769158439116


819841 637001 93.2769158439116
821962 634886 93.2769158439116


635840 701869 93.3130699088146
636497 701212 93.3130699088146


701212 636497 93.3130699088146
701869 635840 93.3130699088146


653618 701872 93.3333333333333
653962 701528 93.3333333333333


701528 653962 93.3333333333333
701872 653618 93.3333333333333


587957 1154400 93.389296956978
588907 1153449 93.389296956978


1153449 588907 93.389296956978
1154400 587957 93.389296956978


634889 1314963 93.4086629001883
637001 1312842 93.4086629001883


1312842 637001 93.4086629001883
1314963 634889 93.4086629001883


634889 891032 93.4117647058823
637001 888910 93.4117647058823


888910 637001 93.4117647058823
891032 634889 93.4117647058823


634889 1151439 93.4179595674659
637001 1149316 93.4179595674659


1149316 637001 93.4179595674659
1151439 634889 93.4179595674659


653613 1150491 93.4285714285714
653962 1150142 93.4285714285714


1150142 653962 93.4285714285714
1150491 653613 93.4285714285714


634887 939327 93.464974141984
637001 937204 93.464974141984


937204 637001 93.464974141984
939327 634887 93.464974141984


205481 590075 93.5919055649241
206663 588907 93.5919055649241


588907 206663 93.5919055649241
590075 205481 93.5919055649241


587957 1054847 93.5924369747899
588907 1053897 93.5924369747899


587957 1667705 93.5924369747899
588907 1666755 93.5924369747899


1053897 588907 93.5924369747899
1054847 587957 93.5924369747899


1666755 588907 93.5924369747899
1667705 587957 93.5924369747899


634889 1610642 93.5969868173258
637001 1608521 93.5969868173258


1608521 637001 93.5969868173258
1610642 634889 93.5969868173258


634889 1484064 93.6941176470588
637001 1481943 93.6941176470588


1481943 637001 93.6941176470588
1484064 634889 93.6941176470588


587957 1760569 93.6974789915966
588907 1759619 93.6974789915966


587957 1425288 93.6974789915966
588907 1424338 93.6974789915966


1424338 588907 93.6974789915966
1425288 587957 93.6974789915966


1759619 588907 93.6974789915966
1760569 587957 93.6974789915966


587968 1317902 93.7300743889479
588907 1316963 93.7300743889479


1316963 588907 93.7300743889479
1317902 587968 93.7300743889479


587957 942276 93.8025210084034
588907 941326 93.8025210084034


941326 588907 93.8025210084034
942276 587957 93.8025210084034


587967 824896 93.8428874734607
588907 823956 93.8428874734607


823956 588907 93.8428874734607
824896 587967 93.8428874734607


206889 588907 94.3396226415094
207842 587955 94.3396226415094


587955 207842 94.3396226415094
588907 206889 94.3396226415094


204506 635239 94.3502824858757
204858 634886 94.3502824858757


634886 204858 94.3502824858757
635239 204506 94.3502824858757


637438 672949 94.7802197802198
637797 672586 94.7802197802198


672586 637797 94.7802197802198
672949 637438 94.7802197802198


634886 1051910 94.7909527073338
636340 1050452 94.7909527073338


1050452 636340 94.7909527073338
1051910 634886 94.7909527073338


653613 665084 94.8717948717949
653962 664735 94.8717948717949


664735 653962 94.8717948717949
665084 653613 94.8717948717949


634886 1532990 94.9965253648367
636321 1531553 94.9965253648367


1531553 636321 94.9965253648367
1532990 634886 94.9965253648367


634886 1422352 95.0963222416813
635454 1421782 95.0963222416813


1421782 635454 95.0963222416813
1422352 634886 95.0963222416813


587963 794067 95.1374207188161
588907 793124 95.1374207188161


793124 588907 95.1374207188161
794067 587963 95.1374207188161


588470 1535425 95.2164009111617
588907 1534988 95.2164009111617


1534988 588907 95.2164009111617
1535425 588470 95.2164009111617


588907 1271850 95.8020989505247
589573 1271184 95.8020989505247


1271184 589573 95.8020989505247
1271850 588907 95.8020989505247


589952 1268225 96.7741935483871
590075 1268102 96.7741935483871


1268102 590075 96.7741935483871
1268225 589952 96.7741935483871


637797 671669 96.8085106382979
637890 671576 96.8085106382979


671576 637890 96.8085106382979
671669 637797 96.8085106382979


588907 792899 97.3626373626374
589361 792445 97.3626373626374


792445 589361 97.3626373626374
792899 588907 97.3626373626374


