#-- forward hits sorted by %sim
0 0 0
0 0 0


5557942 5562474 53.5947712418301
5558094 5562626 53.5947712418301


5562474 5557942 53.5947712418301
5562626 5558094 53.5947712418301


5557835 5557965 57.2289156626506
5558000 5558130 57.2289156626506


5557965 5557835 57.2289156626506
5558130 5558000 57.2289156626506


20147 20147 59.3939393939394
20311 20311 59.3939393939394


4278720 4278720 59.4444444444444
4278899 4278899 59.4444444444444


1024701 1024701 61.8357487922705
1024907 1024907 61.8357487922705


5562437 5562437 62.6315789473684
5562626 5562626 62.6315789473684


4425851 4425851 63.3540372670807
4426011 4426011 63.3540372670807


5557771 5557771 63.9593908629442
5558164 5558164 63.9593908629442


1760312 1760312 65.6903765690377
1760550 1760550 65.6903765690377


624407 624407 68.0672268907563
624525 624525 68.0672268907563


2106875 2106875 69.1780821917808
2107020 2107020 69.1780821917808


836541 836541 69.1943127962085
836751 836751 69.1943127962085


4380662 4380662 69.7115384615385
4380869 4380869 69.7115384615385


5353089 5353089 70.8860759493671
5353404 5353404 70.8860759493671


1076680 1076680 71.5867158671587
1076950 1076950 71.5867158671587


4904432 4904432 72.0588235294118
4904635 4904635 72.0588235294118


5183662 5183662 72.6141078838174
5183902 5183902 72.6141078838174


136376 136376 72.9096989966555
136674 136674 72.9096989966555


4282642 4282642 73.1914893617021
4282876 4282876 73.1914893617021


2781952 3006975 73.224043715847
2782133 3007152 73.224043715847


3006975 2781952 73.224043715847
3007152 2782133 73.224043715847


4985635 4985635 73.7864077669903
4985943 4985943 73.7864077669903


85297 85297 74.0072202166065
86127 86127 74.0072202166065


1836621 1836621 75
1836932 1836932 75


1671403 1671403 75.3205128205128
1671714 1671714 75.3205128205128


2937894 3006975 76.4044943820225
2938069 3007152 76.4044943820225


3006975 2937894 76.4044943820225
3007152 2938069 76.4044943820225


2225064 2225064 76.5217391304348
2225408 2225408 76.5217391304348


2116192 2116192 77.5401069518716
2116565 2116565 77.5401069518716


927121 927121 77.7408637873754
927421 927421 77.7408637873754


3124359 3124359 77.9527559055118
3124739 3124739 77.9527559055118


5192309 5192309 78.2234957020057
5192657 5192657 78.2234957020057


2605942 2605942 78.2857142857143
2606291 2606291 78.2857142857143


426657 427058 78.4776902887139
427033 427437 78.4776902887139


427058 426657 78.4776902887139
427437 427033 78.4776902887139


2386909 2386909 78.735632183908
2387256 2387256 78.735632183908


3957030 3957030 79.2887029288703
3957507 3957507 79.2887029288703


315947 379646 79.4392523364486
316305 380073 79.4392523364486


379646 315947 79.4392523364486
380073 316305 79.4392523364486


4965276 4982031 79.5221843003413
4965567 4982323 79.5221843003413


4982031 4965276 79.5221843003413
4982323 4965567 79.5221843003413


1419930 1419930 79.7945205479452
1420221 1420221 79.7945205479452


847792 848376 80.4395604395604
848243 848819 80.4395604395604


848376 847792 80.4395604395604
848819 848243 80.4395604395604


88590 88590 80.7460890493381
89420 89420 80.7460890493381


4496629 4496629 80.8823529411765
4497036 4497036 80.8823529411765


4875070 4947731 80.8823529411765
4875341 4948000 80.8823529411765


4947731 4875070 80.8823529411765
4948000 4875341 80.8823529411765


1690745 1690745 80.940594059406
1691148 1691148 80.940594059406


1792620 1825679 81.0786106032907
1793666 1826743 81.0786106032907


5769420 5774183 81.25
5769595 5774358 81.25


5774183 5769420 81.25
5774358 5769595 81.25


3513483 3513483 81.3253012048193
3513648 3513648 81.3253012048193


1774706 1883778 81.3913043478261
1775279 1884352 81.3913043478261


1883778 1774706 81.3913043478261
1884352 1775279 81.3913043478261


438725 438725 81.5028901734104
439070 439070 81.5028901734104


5574886 5574886 81.9571865443425
5575212 5575212 81.9571865443425


5769091 5769091 82.1782178217822
5769595 5769595 82.1782178217822


3103306 3360843 82.5545171339564
3103946 3361389 82.5545171339564


3360843 3103306 82.5545171339564
3361389 3103946 82.5545171339564


4872480 4872480 82.5665859564165
4872892 4872892 82.5665859564165


3600000 3780665 82.6315789473684
3600923 3781614 82.6315789473684


3780665 3600000 82.6315789473684
3781614 3600923 82.6315789473684


3360843 3472461 82.6513911620295
3361359 3473070 82.6513911620295


3472461 3360843 82.6513911620295
3473070 3361359 82.6513911620295


843629 4708429 82.6751592356688
844393 4709211 82.6751592356688


4708429 843629 82.6751592356688
4709211 844393 82.6751592356688


3383712 3825795 82.6984126984127
3384335 3826416 82.6984126984127


3825795 3383712 82.6984126984127
3826416 3384335 82.6984126984127


316927 332947 82.7272727272727
317255 333226 82.7272727272727


332947 316927 82.7272727272727
333226 317255 82.7272727272727


1931553 1931553 82.7702702702703
1932144 1932144 82.7702702702703


2978203 3383712 82.8025477707006
2978823 3384335 82.8025477707006


3383712 2978203 82.8025477707006
3384335 2978823 82.8025477707006


3354947 3383712 82.8298887122417
3355566 3384335 82.8298887122417


3383712 3354947 82.8298887122417
3384335 3355566 82.8298887122417


3383712 3831519 82.8298887122417
3384335 3832139 82.8298887122417


3831519 3383712 82.8298887122417
3832139 3384335 82.8298887122417


847246 848376 82.9268292682927
847571 848691 82.9268292682927


848376 847246 82.9268292682927
848691 847571 82.9268292682927


3430868 3600000 82.9497907949791
3431822 3600923 82.9497907949791


3600000 3430868 82.9497907949791
3600923 3431822 82.9497907949791


316927 391958 82.9545454545455
317278 392259 82.9545454545455


391958 316927 82.9545454545455
392259 317278 82.9545454545455


3007282 3703687 82.9617834394904
3007903 3704307 82.9617834394904


3703687 3007282 82.9617834394904
3704307 3007903 82.9617834394904


2419715 2977891 83.0474268415742
2420702 2978857 83.0474268415742


2977891 2419715 83.0474268415742
2978857 2420702 83.0474268415742


2307693 3007067 83.0568720379147
2308533 3007887 83.0568720379147


3007067 2307693 83.0568720379147
3007887 2308533 83.0568720379147


3097520 3780984 83.0696202531646
3098141 3781612 83.0696202531646


3780984 3097520 83.0696202531646
3781612 3098141 83.0696202531646


3360843 3837348 83.1147540983606
3361359 3837956 83.1147540983606


3837348 3360843 83.1147540983606
3837956 3361359 83.1147540983606


2307928 3825796 83.1699346405229
2308533 3826400 83.1699346405229


3825796 2307928 83.1699346405229
3826400 2308533 83.1699346405229


2420042 3007281 83.2807570977918
2420668 3007903 83.2807570977918


3007281 2420042 83.2807570977918
3007903 2420668 83.2807570977918


3523827 3599990 83.2985386221294
3524784 3600923 83.2985386221294


3599990 3523827 83.2985386221294
3600923 3524784 83.2985386221294


2307928 3831520 83.3060556464812
2308533 3832123 83.3060556464812


3831520 2307928 83.3060556464812
3832123 2308533 83.3060556464812


3383712 3466632 83.3068362480127
3384335 3467252 83.3068362480127


3466632 3383712 83.3068362480127
3467252 3384335 83.3068362480127


3267369 3780665 83.3859095688749
3268295 3781614 83.3859095688749


3780665 3267369 83.3859095688749
3781614 3268295 83.3859095688749


2774133 3600474 83.4061135371179
2774585 3600921 83.4061135371179


3600474 2774133 83.4061135371179
3600921 2774585 83.4061135371179


2307693 3726664 83.4123222748815
2308533 3727483 83.4123222748815


3726664 2307693 83.4123222748815
3727483 2308533 83.4123222748815


2984190 3103326 83.4405144694534
2984725 3103946 83.4405144694534


3103326 2984190 83.4405144694534
3103946 2984725 83.4405144694534


2307928 2978204 83.4426229508197
2308533 2978807 83.4426229508197


2978204 2307928 83.4426229508197
2978807 2308533 83.4426229508197


2420042 3383711 83.4645669291339
2420668 3384335 83.4645669291339


3383711 2420042 83.4645669291339
3384335 2420668 83.4645669291339


2978203 3642342 83.4658187599364
2978823 3642969 83.4658187599364


3600302 3703687 83.4658187599364
3600921 3704307 83.4658187599364


3642342 2978203 83.4658187599364
3642969 2978823 83.4658187599364


3703687 3600302 83.4658187599364
3704307 3600921 83.4658187599364


2307928 3234712 83.4697217675941
2308533 3235315 83.4697217675941


3234712 2307928 83.4697217675941
3235315 2308533 83.4697217675941


5443329 5443329 83.4782608695652
5443788 5443788 83.4782608695652


2978203 3431192 83.4920634920635
2978823 3431820 83.4920634920635


3354947 3642342 83.4920634920635
3355566 3642969 83.4920634920635


3431192 2978203 83.4920634920635
3431820 2978823 83.4920634920635


3642342 3354947 83.4920634920635
3642969 3355566 83.4920634920635


3234711 3780984 83.5182250396197
3235331 3781612 83.5182250396197


3354947 3431192 83.5182250396197
3355566 3431820 83.5182250396197


3431192 3466632 83.5182250396197
3431820 3467252 83.5182250396197


3431192 3354947 83.5182250396197
3431820 3355566 83.5182250396197


3466632 3431192 83.5182250396197
3467252 3431820 83.5182250396197


3780984 3234711 83.5182250396197
3781612 3235331 83.5182250396197


3780984 3825795 83.5443037974684
3781612 3826416 83.5443037974684


3825795 3780984 83.5443037974684
3826416 3781612 83.5443037974684


2774133 3866904 83.5526315789474
2774585 3867353 83.5526315789474


3866904 2774133 83.5526315789474
3867353 2774585 83.5526315789474


1335945 1360447 83.5738068812431
1336843 1361343 83.5738068812431


1360447 1335945 83.5738068812431
1361343 1336843 83.5738068812431


2984190 3472481 83.5871404399323
2984694 3473070 83.5871404399323


3472481 2984190 83.5871404399323
3473070 2984694 83.5871404399323


2774133 3007454 83.5886214442013
2774585 3007903 83.5886214442013


2774133 3267844 83.5886214442013
2774585 3268293 83.5886214442013


3007454 2774133 83.5886214442013
3007903 2774585 83.5886214442013


3267844 2774133 83.5886214442013
3268293 2774585 83.5886214442013


3158659 3600000 83.596214511041
3159609 3600923 83.596214511041


3600000 3158659 83.596214511041
3600923 3159609 83.596214511041


3267672 3703687 83.5987261146497
3268293 3704307 83.5987261146497


3703687 3267672 83.5987261146497
3704307 3268293 83.5987261146497


531809 531809 83.6283185840708
532260 532260 83.6283185840708


3234711 3524156 83.6507936507937
3235331 3524782 83.6507936507937


3524156 3234711 83.6507936507937
3524782 3235331 83.6507936507937


3354947 3780984 83.6767036450079
3355566 3781612 83.6767036450079


3466632 3780984 83.6767036450079
3467252 3781612 83.6767036450079


3780984 3831519 83.6767036450079
3781612 3832139 83.6767036450079


3780984 3466632 83.6767036450079
3781612 3467252 83.6767036450079


3780984 3354947 83.6767036450079
3781612 3355566 83.6767036450079


3831519 3780984 83.6767036450079
3832139 3781612 83.6767036450079


1984284 1984284 83.710407239819
1984725 1984725 83.710407239819


2420042 3866731 83.7282780410742
2420668 3867353 83.7282780410742


3866731 2420042 83.7282780410742
3867353 2420668 83.7282780410742


3055551 3703687 83.7593984962406
3056212 3704339 83.7593984962406


3703687 3055551 83.7593984962406
3704339 3056212 83.7593984962406


2781952 3383404 83.7866108786611
2782893 3384334 83.7866108786611


3383404 2781952 83.7866108786611
3384334 2782893 83.7866108786611


2307928 3354948 83.79705400982
2308533 3355550 83.79705400982


2307928 3466633 83.79705400982
2308533 3467236 83.79705400982


3354948 2307928 83.79705400982
3355550 2308533 83.79705400982


3466633 2307928 83.79705400982
3467236 2308533 83.79705400982


470462 1360609 83.8038632986627
471129 1361259 83.8038632986627


1360609 470462 83.8038632986627
1361259 471129 83.8038632986627


2938195 3234711 83.8095238095238
2938820 3235331 83.8095238095238


3234711 2938195 83.8095238095238
3235331 2938820 83.8095238095238


3642342 3703687 83.8095238095238
3642969 3704307 83.8095238095238


3703687 3642342 83.8095238095238
3704307 3642969 83.8095238095238


502098 537452 83.8167938931298
502730 538078 83.8167938931298


537452 502098 83.8167938931298
538078 502730 83.8167938931298


426612 426612 83.8302752293578
427483 427483 83.8302752293578


1851357 1881883 83.843537414966
1851935 1882460 83.843537414966


3267369 3430868 83.8912133891213
3268295 3431822 83.8912133891213


3430868 3267369 83.8912133891213
3431822 3268295 83.8912133891213


3006978 3523835 83.8947368421053
3007905 3524784 83.8947368421053


3523835 3006978 83.8947368421053
3524784 3007905 83.8947368421053


2978203 3780984 83.968253968254
2978823 3781612 83.968253968254


3466632 3642342 83.968253968254
3467252 3642969 83.968253968254


3642342 3466632 83.968253968254
3642969 3467252 83.968253968254


3780984 2978203 83.968253968254
3781612 2978823 83.968253968254


2978203 3158978 83.9936608557845
2978823 3159607 83.9936608557845


3158978 2978203 83.9936608557845
3159607 2978823 83.9936608557845


3703687 3780984 83.9936608557845
3704307 3781612 83.9936608557845


3780984 3703687 83.9936608557845
3781612 3704307 83.9936608557845


3158978 3354947 84.0189873417722
3159607 3355566 84.0189873417722


3158978 3466632 84.0189873417722
3159607 3467252 84.0189873417722


3354947 3158978 84.0189873417722
3355566 3159607 84.0189873417722


3466632 3158978 84.0189873417722
3467252 3159607 84.0189873417722


5420036 5420036 84.0236686390533
5420204 5420204 84.0236686390533


3158978 3234711 84.044233807267
3159607 3235331 84.044233807267


3234711 3158978 84.044233807267
3235331 3159607 84.044233807267


3240050 3360843 84.0613931523022
3240895 3361585 84.0613931523022


3360843 3240050 84.0613931523022
3361585 3240895 84.0613931523022


2984190 3837368 84.0677966101695
2984694 3837956 84.0677966101695


3837368 2984190 84.0677966101695
3837956 2984694 84.0677966101695


2307928 2420044 84.0909090909091
2308533 2420653 84.0909090909091


2420044 2307928 84.0909090909091
2420653 2308533 84.0909090909091


843629 1566725 84.1025641025641
844392 1567500 84.1025641025641


1566725 843629 84.1025641025641
1567500 844392 84.1025641025641


2225514 2225514 84.1085271317829
2226029 2226029 84.1085271317829


3267367 3523835 84.1219768664564
3268295 3524784 84.1219768664564


3523835 3267367 84.1219768664564
3524784 3268295 84.1219768664564


3599998 3642021 84.1219768664564
3600923 3642971 84.1219768664564


3642021 3599998 84.1219768664564
3642971 3600923 84.1219768664564


3524156 3703687 84.1269841269841
3524782 3704307 84.1269841269841


3703687 3524156 84.1269841269841
3704307 3524782 84.1269841269841


2420042 3780983 84.1444270015699
2420668 3781612 84.1444270015699


3780983 2420042 84.1444270015699
3781612 2420668 84.1444270015699


3431192 3703687 84.1521394611727
3431820 3704307 84.1521394611727


3703687 3431192 84.1521394611727
3704307 3431820 84.1521394611727


2307606 3055218 84.1772151898734
2308533 3056165 84.1772151898734


3055218 2307606 84.1772151898734
3056165 2308533 84.1772151898734


2420042 3267671 84.2271293375394
2420668 3268293 84.2271293375394


3267671 2420042 84.2271293375394
3268293 2420668 84.2271293375394


2774133 3727049 84.2450765864333
2774585 3727499 84.2450765864333


2774133 3383885 84.2450765864333
2774585 3384335 84.2450765864333


3383885 2774133 84.2450765864333
3384335 2774585 84.2450765864333


3727049 2774133 84.2450765864333
3727499 2774585 84.2450765864333


415553 415553 84.2650103519669
416035 416035 84.2650103519669


2420042 3642341 84.2767295597484
2420668 3642969 84.2767295597484


3642341 2420042 84.2767295597484
3642969 2420668 84.2767295597484


5355732 5355732 84.2990654205608
5356266 5356266 84.2990654205608


2420042 3431191 84.3014128728414
2420668 3431820 84.3014128728414


3431191 2420042 84.3014128728414
3431820 2420668 84.3014128728414


2307601 3383404 84.3116328708645
2308533 3384319 84.3116328708645


3383404 2307601 84.3116328708645
3384319 2308533 84.3116328708645


3158659 3267369 84.3487394957983
3159609 3268295 84.3487394957983


3267369 3158659 84.3487394957983
3268295 3159609 84.3487394957983


2774133 3159150 84.3817787418655
2774585 3159607 84.3817787418655


2774131 3524326 84.3817787418655
2774585 3524782 84.3817787418655


3159150 2774133 84.3817787418655
3159607 2774585 84.3817787418655


3524326 2774131 84.3817787418655
3524782 2774585 84.3817787418655


1776615 1887054 84.472049689441
1776926 1887370 84.472049689441


1887054 1776615 84.472049689441
1887370 1776926 84.472049689441


2774133 3642514 84.5315904139434
2774585 3642969 84.5315904139434


3642514 2774133 84.5315904139434
3642969 2774585 84.5315904139434


872739 872739 84.5474613686534
873644 873644 84.5474613686534


362873 385150 84.5905867182463
364381 386550 84.5905867182463


385150 362873 84.5905867182463
386550 364381 84.5905867182463


2774171 3431402 84.5971563981043
2774585 3431820 84.5971563981043


3431402 2774171 84.5971563981043
3431820 2774585 84.5971563981043


2491860 2491860 84.6320346320346
2492321 2492321 84.6320346320346


3158978 3703687 84.6518987341772
3159607 3704307 84.6518987341772


3703687 3158978 84.6518987341772
3704307 3159607 84.6518987341772


1466667 1467143 84.6846846846847
1466999 1467474 84.6846846846847


1467143 1466667 84.6846846846847
1467474 1466999 84.6846846846847


416391 416391 84.7695390781563
416889 416889 84.7695390781563


415555 416393 84.8297213622291
415873 416714 84.8297213622291


416393 415555 84.8297213622291
416714 415873 84.8297213622291


2774133 2782439 84.8484848484848
2774588 2782897 84.8484848484848


2782439 2774133 84.8484848484848
2782897 2774588 84.8484848484848


1073431 1097360 84.9075975359343
1074399 1098310 84.9075975359343


1097360 1073431 84.9075975359343
1098310 1074399 84.9075975359343


3240505 3711258 84.9104859335038
3240895 3711643 84.9104859335038


3711258 3240505 84.9104859335038
3711643 3240895 84.9104859335038


470438 1336082 84.9315068493151
471091 1336715 84.9315068493151


1336082 470438 84.9315068493151
1336715 471091 84.9315068493151


843628 1953602 84.9576271186441
844098 1954072 84.9576271186441


1953602 843628 84.9576271186441
1954072 844098 84.9576271186441


3267367 3642021 84.9789915966387
3268295 3642971 84.9789915966387


3642021 3267367 84.9789915966387
3642971 3268295 84.9789915966387


2781948 2937890 85.0210970464135
2782893 2938819 85.0210970464135


2937890 2781948 85.0210970464135
2938819 2782893 85.0210970464135


913265 913265 85.0746268656716
913666 913666 85.0746268656716


1849364 1761575 85.0961538461538
1849562 1761781 85.0961538461538


3055218 3383409 85.1085832471562
3056183 3384337 85.1085832471562


3383409 3055218 85.1085832471562
3384337 3056183 85.1085832471562


2420042 3158977 85.1097178683385
2420668 3159607 85.1097178683385


3158977 2420042 85.1097178683385
3159607 2420668 85.1097178683385


2308127 2774164 85.1219512195122
2308533 2774569 85.1219512195122


2774164 2308127 85.1219512195122
2774569 2308533 85.1219512195122


2984190 3240070 85.1269649334945
2984925 3240895 85.1269649334945


3240070 2984190 85.1269649334945
3240895 2984925 85.1269649334945


2870962 3604571 85.3097345132743
2871494 3605135 85.3097345132743


3604571 2870962 85.3097345132743
3605135 2871494 85.3097345132743


2307606 3780665 85.3319057815846
2308533 3781596 85.3319057815846


3780665 2307606 85.3319057815846
3781596 2308533 85.3319057815846


5681891 5681891 85.4916067146283
5682724 5682724 85.4916067146283


1849362 1849362 85.4922279792746
1849940 1849940 85.4922279792746


5409199 5417250 85.4938271604938
5409522 5417539 85.4938271604938


5417250 5409199 85.4938271604938
5417539 5409522 85.4938271604938


3006978 3642021 85.5941114616193
3007905 3642971 85.5941114616193


3642021 3006978 85.5941114616193
3642971 3007905 85.5941114616193


4684905 4684905 85.6223175965665
4685370 4685370 85.6223175965665


3383404 3599995 85.668449197861
3384337 3600923 85.668449197861


3599995 3383404 85.668449197861
3600923 3384337 85.668449197861


1850326 1881425 85.7142857142857
1850662 1881765 85.7142857142857


1881425 1850326 85.7142857142857
1881765 1850662 85.7142857142857


2307606 3430868 85.7142857142857
2308533 3431804 85.7142857142857


3430868 2307606 85.7142857142857
3431804 2308533 85.7142857142857


2307600 3523831 85.7294994675186
2308533 3524766 85.7294994675186


3523831 2307600 85.7294994675186
3524766 2308533 85.7294994675186


3007067 3780752 85.8632676709154
3007905 3781614 85.8632676709154


3780752 3007067 85.8632676709154
3781614 3007905 85.8632676709154


2781957 3780665 85.9243697478991
2782893 3781611 85.9243697478991


3780665 2781957 85.9243697478991
3781611 2782893 85.9243697478991


2307596 2781947 85.9408033826638
2308533 2782878 85.9408033826638


2781947 2307596 85.9408033826638
2782878 2308533 85.9408033826638


1702382 1791301 85.9550561797753
1703054 1792011 85.9550561797753


1791301 1702382 85.9550561797753
1792011 1703054 85.9550561797753


2937899 3055218 85.9574468085106
2938117 3055452 85.9574468085106


3055218 2937899 85.9574468085106
3055452 2938117 85.9574468085106


2307604 3642021 85.9893048128342
2308533 3642953 85.9893048128342


3642021 2307604 85.9893048128342
3642953 2308533 85.9893048128342


3055341 3600109 86.0023724792408
3056183 3600923 86.0023724792408


3600109 3055341 86.0023724792408
3600923 3056183 86.0023724792408


2783497 2797834 86.0215053763441
2783768 2798112 86.0215053763441


2797834 2783497 86.0215053763441
2798112 2783768 86.0215053763441


1688944 1849381 86.0655737704918
1689183 1849615 86.0655737704918


1849381 1688944 86.0655737704918
1849615 1689183 86.0655737704918


3726664 3780752 86.0950173812283
3727501 3781614 86.0950173812283


3780752 3726664 86.0950173812283
3781614 3727501 86.0950173812283


1736606 1883075 86.1084681255947
1737651 1884117 86.1084681255947


1883075 1736606 86.1084681255947
1884117 1737651 86.1084681255947


5635005 5649448 86.1460957178841
5635793 5650232 86.1460957178841


5649448 5635005 86.1460957178841
5650232 5635793 86.1460957178841


1852717 1884540 86.159169550173
1852998 1884811 86.159169550173


1884540 1852717 86.159169550173
1884811 1852998 86.159169550173


1733241 1760648 86.1985472154964
1734047 1761435 86.1985472154964


1760648 1733241 86.1985472154964
1761435 1734047 86.1985472154964


2307606 3158659 86.2032085561497
2308533 3159591 86.2032085561497


3158659 2307606 86.2032085561497
3159591 2308533 86.2032085561497


1691324 1883075 86.2036156041865
1692367 1884117 86.2036156041865


1883075 1691324 86.2036156041865
1884117 1692367 86.2036156041865


2783486 2796420 86.25
2783644 2796579 86.25


2796420 2783486 86.25
2796579 2783644 86.25


1207819 1816230 86.2884160756501
1208241 1816629 86.2884160756501


1816230 1207819 86.2884160756501
1816629 1208241 86.2884160756501


5507929 5507929 86.3636363636364
5508918 5508918 86.3636363636364


2781951 3523831 86.4158829676071
2782893 3524781 86.4158829676071


3523831 2781951 86.4158829676071
3524781 2782893 86.4158829676071


1869372 1869372 86.4423076923077
1870411 1870411 86.4423076923077


3383409 3780665 86.4495798319328
3384337 3781614 86.4495798319328


3780665 3383409 86.4495798319328
3781614 3384337 86.4495798319328


4218951 4218951 86.4548494983278
4219548 4219548 86.4548494983278


3006975 3599995 86.4661654135338
3007905 3600923 86.4661654135338


3599995 3006975 86.4661654135338
3600923 3007905 86.4661654135338


4005558 4005558 86.4661654135338
4005823 4005823 86.4661654135338


4661208 4661208 86.4678899082569
4661643 4661643 86.4678899082569


4729892 4729892 86.4814814814815
4730431 4730431 86.4814814814815


1689591 1881405 86.5601503759399
1690596 1882460 86.5601503759399


1881405 1689591 86.5601503759399
1882460 1690596 86.5601503759399


2781955 3642021 86.5687303252886
2782893 3642968 86.5687303252886


3642021 2781955 86.5687303252886
3642968 2782893 86.5687303252886


253915 253915 86.5921787709497
254451 254451 86.5921787709497


3600000 3726577 86.6235167206041
3600923 3727501 86.6235167206041


3726577 3600000 86.6235167206041
3727501 3600923 86.6235167206041


3007089 3055341 86.7141162514828
3007905 3056183 86.7141162514828


3055341 3007089 86.7141162514828
3056183 3007905 86.7141162514828


3007079 3430973 86.7215041128085
3007905 3431822 86.7215041128085


3430973 3007079 86.7215041128085
3431822 3007905 86.7215041128085


3267364 3383404 86.7379679144385
3268295 3384337 86.7379679144385


3383404 3267364 86.7379679144385
3384337 3268295 86.7379679144385


1683342 1758739 86.7599569429494
1684267 1759658 86.7599569429494


1758739 1683342 86.7599569429494
1759658 1684267 86.7599569429494


4417222 4417222 86.8041237113402
4417706 4417706 86.8041237113402


1689587 1762259 86.8421052631579
1690221 1762941 86.8421052631579


1762259 1689587 86.8421052631579
1762941 1690221 86.8421052631579


2308360 2502141 86.8571428571429
2308533 2502312 86.8571428571429


2502141 2308360 86.8571428571429
2502312 2308533 86.8571428571429


1682140 1757547 86.8686868686869
1683128 1758514 86.8686868686869


1757547 1682140 86.8686868686869
1758514 1683128 86.8686868686869


3523924 3726664 86.8757259001161
3524784 3727501 86.8757259001161


3726664 3523924 86.8757259001161
3727501 3524784 86.8757259001161


1203515 1816211 86.8778280542986
1203956 1816629 86.8778280542986


1816211 1203515 86.8778280542986
1816629 1203956 86.8778280542986


3383409 3726577 86.8817204301075
3384337 3727501 86.8817204301075


3726577 3383409 86.8817204301075
3727501 3384337 86.8817204301075


2781957 3158659 86.8835257082896
2782893 3159606 86.8835257082896


3158659 2781957 86.8835257082896
3159606 2782893 86.8835257082896


822766 822766 86.9158878504673
823086 823086 86.9158878504673


3007067 3158746 86.9212962962963
3007905 3159609 86.9212962962963


3158746 3007067 86.9212962962963
3159609 3007905 86.9212962962963


3055341 3267479 86.9513641755635
3056183 3268295 86.9513641755635


3055341 3726686 86.9513641755635
3056183 3727501 86.9513641755635


3267479 3055341 86.9513641755635
3268295 3056183 86.9513641755635


3726686 3055341 86.9513641755635
3727501 3056183 86.9513641755635


3430973 3726676 86.9565217391304
3431822 3727501 86.9565217391304


3726676 3430973 86.9565217391304
3727501 3431822 86.9565217391304


2781957 3430868 86.9747899159664
2782893 3431819 86.9747899159664


3430868 2781957 86.9747899159664
3431819 2782893 86.9747899159664


2502141 3524592 86.9791666666667
2502328 3524782 86.9791666666667


3524592 2502141 86.9791666666667
3524782 2502328 86.9791666666667


489367 533277 87.0111731843575
490075 533950 87.0111731843575


533277 489367 87.0111731843575
533950 490075 87.0111731843575


4218332 4218332 87.0333988212181
4218840 4218840 87.0333988212181


1684288 1760648 87.0619946091644
1685012 1761367 87.0619946091644


1760648 1684288 87.0619946091644
1761367 1685012 87.0619946091644


2010892 2446562 87.0689655172414
2011122 2446791 87.0689655172414


2446562 2010892 87.0689655172414
2446791 2011122 87.0689655172414


3383407 3523835 87.0798319327731
3384337 3524784 87.0798319327731


3523835 3383407 87.0798319327731
3524784 3384337 87.0798319327731


2870962 3542856 87.1252204585538
2871494 3543410 87.1252204585538


3542856 2870962 87.1252204585538
3543410 2871494 87.1252204585538


1732304 1758666 87.1264367816092
1733170 1759526 87.1264367816092


1758666 1732304 87.1264367816092
1759526 1733170 87.1264367816092


3383409 3430868 87.1338912133891
3384337 3431822 87.1338912133891


3430868 3383409 87.1338912133891
3431822 3384337 87.1338912133891


3158746 3726664 87.1527777777778
3159609 3727501 87.1527777777778


3726664 3158746 87.1527777777778
3727501 3159609 87.1527777777778


2502141 2782704 87.1794871794872
2502331 2782897 87.1794871794872


2782704 2502141 87.1794871794872
2782897 2502331 87.1794871794872


5438506 5438506 87.2
5438880 5438880 87.2


774916 774916 87.2231686541738
776089 776089 87.2231686541738


4903783 4903783 87.2693726937269
4904324 4904324 87.2693726937269


349933 384133 87.2832369942196
350102 384295 87.2832369942196


384133 349933 87.2832369942196
384295 350102 87.2832369942196


569663 569663 87.2832369942196
570008 570008 87.2832369942196


1682332 1731379 87.2935196950445
1683117 1732144 87.2935196950445


1731379 1682332 87.2935196950445
1732144 1683117 87.2935196950445


326106 362873 87.3139158576052
327537 364381 87.3139158576052


362873 326106 87.3139158576052
364381 327537 87.3139158576052


3006975 3267364 87.3390557939914
3007905 3268295 87.3390557939914


3267364 3006975 87.3390557939914
3268295 3007905 87.3390557939914


2325264 3387885 87.3601789709172
2326156 3388753 87.3601789709172


3387885 2325264 87.3601789709172
3388753 2326156 87.3601789709172


3158659 3383409 87.408184679958
3159609 3384337 87.408184679958


3383409 3158659 87.408184679958
3384337 3159609 87.408184679958


5631362 5631362 87.4564459930314
5631935 5631935 87.4564459930314


2502141 3159417 87.5
2502328 3159607 87.5


3159417 2502141 87.5
3159607 2502328 87.5


3267369 3726577 87.5
3268295 3727501 87.5


3726577 3267369 87.5
3727501 3268295 87.5


4293118 4699665 87.5748502994012
4293785 4700325 87.5748502994012


4699665 4293118 87.5748502994012
4700325 4293785 87.5748502994012


4876729 4947117 87.5846501128668
4877169 4947559 87.5846501128668


4947117 4876729 87.5846501128668
4947559 4877169 87.5846501128668


1849376 1734202 87.6068376068376
1849600 1734434 87.6068376068376


3006980 3726577 87.7022653721683
3007905 3727501 87.7022653721683


3726577 3006980 87.7022653721683
3727501 3007905 87.7022653721683


5126845 5126845 87.7551020408163
5127285 5127285 87.7551020408163


558493 558493 87.7813504823151
558803 558803 87.7813504823151


3006975 3383404 87.807486631016
3007905 3384337 87.807486631016


3383404 3006975 87.807486631016
3384337 3007905 87.807486631016


2870962 3653494 87.8521126760563
2871494 3654061 87.8521126760563


3653494 2870962 87.8521126760563
3654061 2871494 87.8521126760563


325111 349933 87.8612716763006
325273 350102 87.8612716763006


342130 349933 87.8612716763006
342292 350102 87.8612716763006


349933 325111 87.8612716763006
350102 325273 87.8612716763006


349933 342130 87.8612716763006
350102 342292 87.8612716763006


5398534 5410065 87.8787878787879
5398998 5410558 87.8787878787879


5410065 5398534 87.8787878787879
5410558 5398998 87.8787878787879


1688890 1761541 87.8899082568807
1689390 1762081 87.8899082568807


1761541 1688890 87.8899082568807
1762081 1689390 87.8899082568807


2870966 2942466 87.9218472468916
2871494 2943028 87.9218472468916


2942466 2870966 87.9218472468916
2943028 2871494 87.9218472468916


3642110 3726664 87.9350348027842
3642971 3727501 87.9350348027842


3726664 3642110 87.9350348027842
3727501 3642971 87.9350348027842


1734153 1761541 87.9456706281834
1734698 1762126 87.9456706281834


1761541 1734153 87.9456706281834
1762126 1734698 87.9456706281834


2502141 2938629 88.0829015544041
2502328 2938820 88.0829015544041


2938629 2502141 88.0829015544041
2938820 2502328 88.0829015544041


4609396 4609396 88.0897138437742
4610688 4610688 88.0897138437742


159233 159233 88.1205673758865
160360 160360 88.1205673758865


2870962 3435470 88.1834215167548
2871494 3436035 88.1834215167548


2870962 3059832 88.1834215167548
2871494 3060398 88.1834215167548


3059832 2870962 88.1834215167548
3060398 2871494 88.1834215167548


3435470 2870962 88.1834215167548
3436035 2871494 88.1834215167548


3055218 3780665 88.1987577639752
3056183 3781614 88.1987577639752


3780665 3055218 88.1987577639752
3781614 3056183 88.1987577639752


2870962 3271946 88.2352941176471
2871494 3272506 88.2352941176471


3271946 2870962 88.2352941176471
3272506 2871494 88.2352941176471


4043098 4043098 88.3324728962313
4045034 4045034 88.3324728962313


2325363 2870962 88.3464566929134
2325995 2871562 88.3464566929134


2870962 2325363 88.3464566929134
2871562 2325995 88.3464566929134


3267364 3599995 88.412017167382
3268295 3600923 88.412017167382


3599995 3267364 88.412017167382
3600923 3268295 88.412017167382


5288171 5288171 88.4297520661157
5288654 5288654 88.4297520661157


316194 359811 88.4393063583815
316358 359977 88.4393063583815


359811 316194 88.4393063583815
359977 316358 88.4393063583815


3055218 3523837 88.5093167701863
3056183 3524784 88.5093167701863


3523837 3055218 88.5093167701863
3524784 3056183 88.5093167701863


2870962 3871003 88.5361552028219
2871494 3871569 88.5361552028219


3871003 2870962 88.5361552028219
3871569 2871494 88.5361552028219


313267 351245 88.5496183206107
313520 351495 88.5496183206107


313267 367312 88.5496183206107
313520 367562 88.5496183206107


351245 313267 88.5496183206107
351495 313520 88.5496183206107


367312 313267 88.5496183206107
367562 313520 88.5496183206107


1288707 1288707 88.595041322314
1289311 1289311 88.595041322314


2844349 2868101 88.6214442013129
2845261 2869008 88.6214442013129


2868101 2844349 88.6214442013129
2869008 2845261 88.6214442013129


4874468 4876722 88.6363636363636
4874907 4877161 88.6363636363636


4876722 4874468 88.6363636363636
4877161 4874907 88.6363636363636


1702147 1702147 88.6688668866887
1703055 1703055 88.6688668866887


4207519 4207681 88.6792452830189
4208087 4208253 88.6792452830189


4207681 4207519 88.6792452830189
4208253 4208087 88.6792452830189


1467143 1467143 88.6904761904762
1467478 1467478 88.6904761904762


325169 366055 88.695652173913
325273 366169 88.695652173913


342188 366055 88.695652173913
342292 366169 88.695652173913


366055 384191 88.695652173913
366169 384295 88.695652173913


366055 342188 88.695652173913
366169 342292 88.695652173913


366055 325169 88.695652173913
366169 325273 88.695652173913


384191 366055 88.695652173913
384295 366169 88.695652173913


2870962 3172414 88.7125220458554
2871494 3172980 88.7125220458554


2870962 3785261 88.7125220458554
2871494 3785827 88.7125220458554


3172414 2870962 88.7125220458554
3172980 2871494 88.7125220458554


3785261 2870962 88.7125220458554
3785827 2871494 88.7125220458554


2977895 3097201 88.75
2978841 3098159 88.75


3097201 2977895 88.75
3098159 2978841 88.75


3383407 3642021 88.7722980062959
3384337 3642971 88.7722980062959


3642021 3383407 88.7722980062959
3642971 3384337 88.7722980062959


5605598 5605598 88.8030888030888
5605856 5605856 88.8030888030888


2168061 2168061 88.8059701492537
2168596 2168596 88.8059701492537


3055218 3642023 88.8198757763975
3056183 3642971 88.8198757763975


3642023 3055218 88.8198757763975
3642971 3056183 88.8198757763975


308947 366055 88.8364779874214
310156 367312 88.8364779874214


366055 308947 88.8364779874214
367312 310156 88.8364779874214


3360843 3842071 88.858939802336
3361852 3843182 88.858939802336


3842071 3360843 88.858939802336
3843182 3361852 88.858939802336


4207471 4207808 88.8888888888889
4207925 4208256 88.8888888888889


4207808 4207471 88.8888888888889
4208256 4207925 88.8888888888889


4558244 4558244 88.8888888888889
4558999 4558999 88.8888888888889


4714815 4714815 88.9014722536806
4715697 4715697 88.9014722536806


4836806 4836806 88.9473684210526
4836995 4836995 88.9473684210526


4879876 4886272 88.96
4880500 4886876 88.96


4886272 4879876 88.96
4886876 4880500 88.96


4006810 4006810 88.9887640449438
4007254 4007254 88.9887640449438


3388256 3731657 89.1566265060241
3388753 3732154 89.1566265060241


3731657 3388256 89.1566265060241
3732154 3388753 89.1566265060241


3097201 3825486 89.1779396462019
3098159 3826434 89.1779396462019


3825486 3097201 89.1779396462019
3826434 3098159 89.1779396462019


4567693 4567693 89.1891891891892
4567988 4567988 89.1891891891892


3097201 3354639 89.2708333333333
3098159 3355584 89.2708333333333


3097201 3831210 89.2708333333333
3098159 3832157 89.2708333333333


3097201 3575426 89.2708333333333
3098159 3576372 89.2708333333333


3354639 3097201 89.2708333333333
3355584 3098159 89.2708333333333


3575426 3097201 89.2708333333333
3576372 3098159 89.2708333333333


3831210 3097201 89.2708333333333
3832157 3098159 89.2708333333333


3911774 3911774 89.2913385826772
3912408 3912408 89.2913385826772


994101 994101 89.4075403949731
994657 994657 89.4075403949731


3097201 3466325 89.5615866388309
3098157 3467268 89.5615866388309


3466325 3097201 89.5615866388309
3467268 3098157 89.5615866388309


4873390 4946060 89.562948467058
4874907 4947551 89.562948467058


4946060 4873390 89.562948467058
4947551 4874907 89.562948467058


2977891 3234388 89.5812053115424
2978857 3235365 89.5812053115424


3234388 2977891 89.5812053115424
3235365 2978857 89.5812053115424


3726577 3726577 89.6216216216216
3727501 3727501 89.6216216216216


3055218 3158659 89.648033126294
3056183 3159609 89.648033126294


3158659 3055218 89.648033126294
3159609 3056183 89.648033126294


3360843 3581578 89.6489648964896
3361852 3582687 89.6489648964896


3581578 3360843 89.6489648964896
3582687 3361852 89.6489648964896


3006975 3006975 89.6885069817401
3007905 3007905 89.6885069817401


3267364 3267364 89.6995708154506
3268295 3268295 89.6995708154506


3599990 3599990 89.7216274089936
3600923 3600923 89.7216274089936


3108060 3360843 89.7389738973897
3109168 3361852 89.7389738973897


3360843 3108060 89.7389738973897
3361852 3109168 89.7389738973897


3055218 3430868 89.7515527950311
3056183 3431822 89.7515527950311


3430868 3055218 89.7515527950311
3431822 3056183 89.7515527950311


3097201 3234392 89.7916666666667
3098159 3235349 89.7916666666667


3234392 3097201 89.7916666666667
3235349 3098159 89.7916666666667


2781957 3055218 89.8234683281412
2782893 3056180 89.8234683281412


3055218 2781957 89.8234683281412
3056180 2782893 89.8234683281412


4553021 4557350 89.8272552783109
4553499 4557869 89.8272552783109


4555456 4557350 89.8272552783109
4555934 4557869 89.8272552783109


4557350 4553021 89.8272552783109
4557869 4553499 89.8272552783109


4557350 4555456 89.8272552783109
4557869 4555934 89.8272552783109


1741362 1836130 89.8550724637681
1741499 1836265 89.8550724637681


1836130 1741362 89.8550724637681
1836265 1741499 89.8550724637681


4774047 4774047 89.8550724637681
4774322 4774322 89.8550724637681


4857285 4857285 89.873417721519
4857916 4857916 89.873417721519


3097201 3703379 89.8958333333333
3098159 3704325 89.8958333333333


3703379 3097201 89.8958333333333
3704325 3098159 89.8958333333333


2293130 2305935 89.9038461538462
2293330 2306139 89.9038461538462


2305935 2293130 89.9038461538462
2306139 2293330 89.9038461538462


3234387 3825481 89.9082568807339
3235365 3826450 89.9082568807339


3825481 3234387 89.9082568807339
3826450 3235365 89.9082568807339


3360843 3477207 89.9189918991899
3361852 3478315 89.9189918991899


3477207 3360843 89.9189918991899
3478315 3361852 89.9189918991899


360121 361008 89.9328859060403
360414 361304 89.9328859060403


361008 360121 89.9328859060403
361304 360414 89.9328859060403


2984190 3842091 89.935956084172
2985195 3843182 89.935956084172


3842091 2984190 89.935956084172
3843182 2985195 89.935956084172


314961 378813 89.937106918239
315712 379603 89.937106918239


378813 314961 89.937106918239
379603 315712 89.937106918239


3234387 3831205 90
3235365 3832173 90


3234387 3354634 90
3235365 3355600 90


3354634 3234387 90
3355600 3235365 90


3642023 3780665 90
3642971 3781614 90


3780665 3642023 90
3781614 3642971 90


3831205 3234387 90
3832173 3235365 90


3244747 3360843 90.00900090009
3245856 3361852 90.00900090009


3360843 3244747 90.00900090009
3361852 3245856 90.00900090009


1737663 1790241 90.0280112044818
1739411 1792022 90.0280112044818


1790241 1737663 90.0280112044818
1792022 1739411 90.0280112044818


1762263 1881405 90.0293255131965
1762941 1882081 90.0293255131965


1881405 1762263 90.0293255131965
1882081 1762941 90.0293255131965


3430868 3780665 90.0627615062761
3431822 3781614 90.0627615062761


3780665 3430868 90.0627615062761
3781614 3431822 90.0627615062761


556060 556060 90.0699300699301
556774 556774 90.0699300699301


5477718 5477718 90.1719901719902
5478531 5478531 90.1719901719902


1474305 1481671 90.2363823227133
1475272 1482641 90.2363823227133


1481671 1474305 90.2363823227133
