#-- forward hits sorted by %sim
0 0 0
0 0 0


2158566 2158566 59.4444444444444
2158745 2158745 59.4444444444444


2162488 2162488 73.1914893617021
2162722 2162722 73.1914893617021


661798 886821 73.224043715847
661979 886998 73.224043715847


886821 661798 73.224043715847
886998 661979 73.224043715847


817740 886821 76.4044943820225
817915 886998 76.4044943820225


886821 817740 76.4044943820225
886998 817915 76.4044943820225


104910 104910 76.5217391304348
105254 105254 76.5217391304348


1004205 1004205 77.9527559055118
1004585 1004585 77.9527559055118


485788 485788 78.2857142857143
486137 486137 78.2857142857143


266755 266755 78.735632183908
267102 267102 78.735632183908


1836876 1836876 79.2887029288703
1837353 1837353 79.2887029288703


1393329 1393329 81.3253012048193
1393494 1393494 81.3253012048193


983152 1240689 82.5545171339564
983792 1241235 82.5545171339564


1240689 983152 82.5545171339564
1241235 983792 82.5545171339564


1479846 1660511 82.6315789473684
1480769 1661460 82.6315789473684


1660511 1479846 82.6315789473684
1661460 1480769 82.6315789473684


1240689 1352307 82.6513911620295
1241205 1352916 82.6513911620295


1352307 1240689 82.6513911620295
1352916 1241205 82.6513911620295


1263558 1705641 82.6984126984127
1264181 1706262 82.6984126984127


1705641 1263558 82.6984126984127
1706262 1264181 82.6984126984127


653979 1746750 82.7777777777778
654336 1747104 82.7777777777778


858049 1263558 82.8025477707006
858669 1264181 82.8025477707006


1263558 858049 82.8025477707006
1264181 858669 82.8025477707006


1234793 1263558 82.8298887122417
1235412 1264181 82.8298887122417


1263558 1711365 82.8298887122417
1264181 1711985 82.8298887122417


1263558 1234793 82.8298887122417
1264181 1235412 82.8298887122417


1711365 1263558 82.8298887122417
1711985 1264181 82.8298887122417


1310714 1479846 82.9497907949791
1311668 1480769 82.9497907949791


1479846 1310714 82.9497907949791
1480769 1311668 82.9497907949791


887128 1583533 82.9617834394904
887749 1584153 82.9617834394904


1583533 887128 82.9617834394904
1584153 887749 82.9617834394904


299561 857737 83.0474268415742
300548 858703 83.0474268415742


857737 299561 83.0474268415742
858703 300548 83.0474268415742


187539 886913 83.0568720379147
188379 887733 83.0568720379147


886913 187539 83.0568720379147
887733 188379 83.0568720379147


977366 1660830 83.0696202531646
977987 1661458 83.0696202531646


1660830 977366 83.0696202531646
1661458 977987 83.0696202531646


1240689 1717194 83.1147540983606
1241205 1717802 83.1147540983606


1717194 1240689 83.1147540983606
1717802 1241205 83.1147540983606


187774 1705642 83.1699346405229
188379 1706246 83.1699346405229


1705642 187774 83.1699346405229
1706246 188379 83.1699346405229


299888 887127 83.2807570977918
300514 887749 83.2807570977918


887127 299888 83.2807570977918
887749 300514 83.2807570977918


1403673 1479836 83.2985386221294
1404630 1480769 83.2985386221294


1479836 1403673 83.2985386221294
1480769 1404630 83.2985386221294


187774 1711366 83.3060556464812
188379 1711969 83.3060556464812


1711366 187774 83.3060556464812
1711969 188379 83.3060556464812


1263558 1346478 83.3068362480127
1264181 1347098 83.3068362480127


1346478 1263558 83.3068362480127
1347098 1264181 83.3068362480127


1147215 1660511 83.3859095688749
1148141 1661460 83.3859095688749


1660511 1147215 83.3859095688749
1661460 1148141 83.3859095688749


653979 1480320 83.4061135371179
654431 1480767 83.4061135371179


1480320 653979 83.4061135371179
1480767 654431 83.4061135371179


187539 1606510 83.4123222748815
188379 1607329 83.4123222748815


1606510 187539 83.4123222748815
1607329 188379 83.4123222748815


864036 983172 83.4405144694534
864571 983792 83.4405144694534


983172 864036 83.4405144694534
983792 864571 83.4405144694534


187774 858050 83.4426229508197
188379 858653 83.4426229508197


858050 187774 83.4426229508197
858653 188379 83.4426229508197


299888 1263557 83.4645669291339
300514 1264181 83.4645669291339


1263557 299888 83.4645669291339
1264181 300514 83.4645669291339


858049 1522188 83.4658187599364
858669 1522815 83.4658187599364


1480148 1583533 83.4658187599364
1480767 1584153 83.4658187599364


1522188 858049 83.4658187599364
1522815 858669 83.4658187599364


1583533 1480148 83.4658187599364
1584153 1480767 83.4658187599364


187774 1114558 83.4697217675941
188379 1115161 83.4697217675941


1114558 187774 83.4697217675941
1115161 188379 83.4697217675941


858049 1311038 83.4920634920635
858669 1311666 83.4920634920635


1234793 1522188 83.4920634920635
1235412 1522815 83.4920634920635


1311038 858049 83.4920634920635
1311666 858669 83.4920634920635


1522188 1234793 83.4920634920635
1522815 1235412 83.4920634920635


1114557 1660830 83.5182250396197
1115177 1661458 83.5182250396197


1234793 1311038 83.5182250396197
1235412 1311666 83.5182250396197


1311038 1234793 83.5182250396197
1311666 1235412 83.5182250396197


1311038 1346478 83.5182250396197
1311666 1347098 83.5182250396197


1346478 1311038 83.5182250396197
1347098 1311666 83.5182250396197


1660830 1114557 83.5182250396197
1661458 1115177 83.5182250396197


1660830 1705641 83.5443037974684
1661458 1706262 83.5443037974684


1705641 1660830 83.5443037974684
1706262 1661458 83.5443037974684


1746750 653979 83.5526315789474
1747199 654431 83.5526315789474


299888 1660829 83.5820895522388
300415 1661358 83.5820895522388


1660829 299888 83.5820895522388
1661358 300415 83.5820895522388


864036 1352327 83.5871404399323
864540 1352916 83.5871404399323


1352327 864036 83.5871404399323
1352916 864540 83.5871404399323


653979 1147690 83.5886214442013
654431 1148139 83.5886214442013


653979 887300 83.5886214442013
654431 887749 83.5886214442013


887300 653979 83.5886214442013
887749 654431 83.5886214442013


1147690 653979 83.5886214442013
1148139 654431 83.5886214442013


1038505 1479846 83.596214511041
1039455 1480769 83.596214511041


1479846 1038505 83.596214511041
1480769 1039455 83.596214511041


1147518 1583533 83.5987261146497
1148139 1584153 83.5987261146497


1583533 1147518 83.5987261146497
1584153 1148139 83.5987261146497


1114557 1404002 83.6507936507937
1115177 1404628 83.6507936507937


1404002 1114557 83.6507936507937
1404628 1115177 83.6507936507937


1234793 1660830 83.6767036450079
1235412 1661458 83.6767036450079


1346478 1660830 83.6767036450079
1347098 1661458 83.6767036450079


1660830 1346478 83.6767036450079
1661458 1347098 83.6767036450079


1660830 1234793 83.6767036450079
1661458 1235412 83.6767036450079


1660830 1711365 83.6767036450079
1661458 1711985 83.6767036450079


1711365 1660830 83.6767036450079
1711985 1661458 83.6767036450079


299888 1746577 83.7282780410742
300514 1747199 83.7282780410742


1746577 299888 83.7282780410742
1747199 300514 83.7282780410742


935397 1583533 83.7593984962406
936058 1584185 83.7593984962406


1583533 935397 83.7593984962406
1584185 936058 83.7593984962406


661798 1263250 83.7866108786611
662739 1264180 83.7866108786611


1263250 661798 83.7866108786611
1264180 662739 83.7866108786611


187774 1234794 83.79705400982
188379 1235396 83.79705400982


187774 1346479 83.79705400982
188379 1347082 83.79705400982


1234794 187774 83.79705400982
1235396 188379 83.79705400982


1346479 187774 83.79705400982
1347082 188379 83.79705400982


818041 1114557 83.8095238095238
818666 1115177 83.8095238095238


1114557 818041 83.8095238095238
1115177 818666 83.8095238095238


1522188 1583533 83.8095238095238
1522815 1584153 83.8095238095238


1583533 1522188 83.8095238095238
1584153 1522815 83.8095238095238


1147215 1310714 83.8912133891213
1148141 1311668 83.8912133891213


1310714 1147215 83.8912133891213
1311668 1148141 83.8912133891213


886824 1403681 83.8947368421053
887751 1404630 83.8947368421053


1403681 886824 83.8947368421053
1404630 887751 83.8947368421053


858049 1660830 83.968253968254
858669 1661458 83.968253968254


1346478 1522188 83.968253968254
1347098 1522815 83.968253968254


1522188 1346478 83.968253968254
1522815 1347098 83.968253968254


1660830 858049 83.968253968254
1661458 858669 83.968253968254


858049 1038824 83.9936608557845
858669 1039453 83.9936608557845


1038824 858049 83.9936608557845
1039453 858669 83.9936608557845


1583533 1660830 83.9936608557845
1584153 1661458 83.9936608557845


1660830 1583533 83.9936608557845
1661458 1584153 83.9936608557845


1038824 1234793 84.0189873417722
1039453 1235412 84.0189873417722


1038824 1346478 84.0189873417722
1039453 1347098 84.0189873417722


1234793 1038824 84.0189873417722
1235412 1039453 84.0189873417722


1346478 1038824 84.0189873417722
1347098 1039453 84.0189873417722


1038824 1114557 84.044233807267
1039453 1115177 84.044233807267


1114557 1038824 84.044233807267
1115177 1039453 84.044233807267


1119896 1240689 84.0613931523022
1120741 1241431 84.0613931523022


1240689 1119896 84.0613931523022
1241431 1120741 84.0613931523022


864036 1717214 84.0677966101695
864540 1717802 84.0677966101695


1717214 864036 84.0677966101695
1717802 864540 84.0677966101695


187774 299890 84.0909090909091
188379 300499 84.0909090909091


299890 187774 84.0909090909091
300499 188379 84.0909090909091


105360 105360 84.1085271317829
105875 105875 84.1085271317829


1147213 1403681 84.1219768664564
1148141 1404630 84.1219768664564


1403681 1147213 84.1219768664564
1404630 1148141 84.1219768664564


1479844 1521867 84.1219768664564
1480769 1522817 84.1219768664564


1521867 1479844 84.1219768664564
1522817 1480769 84.1219768664564


1404002 1583533 84.1269841269841
1404628 1584153 84.1269841269841


1583533 1404002 84.1269841269841
1584153 1404628 84.1269841269841


1311038 1583533 84.1521394611727
1311666 1584153 84.1521394611727


1583533 1311038 84.1521394611727
1584153 1311666 84.1521394611727


187452 935064 84.1772151898734
188379 936011 84.1772151898734


935064 187452 84.1772151898734
936011 188379 84.1772151898734


299888 1147517 84.2271293375394
300514 1148139 84.2271293375394


1147517 299888 84.2271293375394
1148139 300514 84.2271293375394


653979 1606895 84.2450765864333
654431 1607345 84.2450765864333


653979 1263731 84.2450765864333
654431 1264181 84.2450765864333


1263731 653979 84.2450765864333
1264181 654431 84.2450765864333


1606895 653979 84.2450765864333
1607345 654431 84.2450765864333


299888 1522187 84.2767295597484
300514 1522815 84.2767295597484


1522187 299888 84.2767295597484
1522815 300514 84.2767295597484


299888 1311037 84.3014128728414
300514 1311666 84.3014128728414


1311037 299888 84.3014128728414
1311666 300514 84.3014128728414


187447 1263250 84.3116328708645
188379 1264165 84.3116328708645


1263250 187447 84.3116328708645
1264165 188379 84.3116328708645


1038505 1147215 84.3487394957983
1039455 1148141 84.3487394957983


1147215 1038505 84.3487394957983
1148141 1039455 84.3487394957983


653977 1404172 84.3817787418655
654431 1404628 84.3817787418655


653979 1038996 84.3817787418655
654431 1039453 84.3817787418655


1038996 653979 84.3817787418655
1039453 654431 84.3817787418655


1404172 653977 84.3817787418655
1404628 654431 84.3817787418655


653979 1522360 84.5315904139434
654431 1522815 84.5315904139434


1522360 653979 84.5315904139434
1522815 654431 84.5315904139434


654017 1311248 84.5971563981043
654431 1311666 84.5971563981043


1311248 654017 84.5971563981043
1311666 654431 84.5971563981043


371706 371706 84.6320346320346
372167 372167 84.6320346320346


1038824 1583533 84.6518987341772
1039453 1584153 84.6518987341772


1583533 1038824 84.6518987341772
1584153 1039453 84.6518987341772


653979 662285 84.8484848484848
654434 662743 84.8484848484848


662285 653979 84.8484848484848
662743 654434 84.8484848484848


1120351 1591104 84.9104859335038
1120741 1591489 84.9104859335038


1591104 1120351 84.9104859335038
1591489 1120741 84.9104859335038


1147213 1521867 84.9789915966387
1148141 1522817 84.9789915966387


1521867 1147213 84.9789915966387
1522817 1148141 84.9789915966387


661794 817736 85.0210970464135
662739 818665 85.0210970464135


817736 661794 85.0210970464135
818665 662739 85.0210970464135


935064 1263255 85.1085832471562
936029 1264183 85.1085832471562


1263255 935064 85.1085832471562
1264183 936029 85.1085832471562


299888 1038823 85.1097178683385
300514 1039453 85.1097178683385


1038823 299888 85.1097178683385
1039453 300514 85.1097178683385


187973 654010 85.1219512195122
188379 654415 85.1219512195122


654010 187973 85.1219512195122
654415 188379 85.1219512195122


864036 1119916 85.1269649334945
864771 1120741 85.1269649334945


1119916 864036 85.1269649334945
1120741 864771 85.1269649334945


750808 1484417 85.3097345132743
751340 1484981 85.3097345132743


1484417 750808 85.3097345132743
1484981 751340 85.3097345132743


187452 1660511 85.3319057815846
188379 1661442 85.3319057815846


1660511 187452 85.3319057815846
1661442 188379 85.3319057815846


886824 1521867 85.5941114616193
887751 1522817 85.5941114616193


1521867 886824 85.5941114616193
1522817 887751 85.5941114616193


1263250 1479841 85.668449197861
1264183 1480769 85.668449197861


1479841 1263250 85.668449197861
1480769 1264183 85.668449197861


187452 1310714 85.7142857142857
188379 1311650 85.7142857142857


1310714 187452 85.7142857142857
1311650 188379 85.7142857142857


187446 1403677 85.7294994675186
188379 1404612 85.7294994675186


1403677 187446 85.7294994675186
1404612 188379 85.7294994675186


886913 1660598 85.8632676709154
887751 1661460 85.8632676709154


1660598 886913 85.8632676709154
1661460 887751 85.8632676709154


661803 1660511 85.9243697478991
662739 1661457 85.9243697478991


1660511 661803 85.9243697478991
1661457 662739 85.9243697478991


187442 661793 85.9408033826638
188379 662724 85.9408033826638


661793 187442 85.9408033826638
662724 188379 85.9408033826638


817745 935064 85.9574468085106
817963 935298 85.9574468085106


935064 817745 85.9574468085106
935298 817963 85.9574468085106


187450 1521867 85.9893048128342
188379 1522799 85.9893048128342


1521867 187450 85.9893048128342
1522799 188379 85.9893048128342


935187 1479955 86.0023724792408
936029 1480769 86.0023724792408


1479955 935187 86.0023724792408
1480769 936029 86.0023724792408


663343 677680 86.0215053763441
663614 677958 86.0215053763441


677680 663343 86.0215053763441
677958 663614 86.0215053763441


1606510 1660598 86.0950173812283
1607347 1661460 86.0950173812283


1660598 1606510 86.0950173812283
1661460 1607347 86.0950173812283


187452 1038505 86.2032085561497
188379 1039437 86.2032085561497


1038505 187452 86.2032085561497
1039437 188379 86.2032085561497


663332 676266 86.25
663490 676425 86.25


676266 663332 86.25
676425 663490 86.25


661797 1403677 86.4158829676071
662739 1404627 86.4158829676071


1403677 661797 86.4158829676071
1404627 662739 86.4158829676071


1263255 1660511 86.4495798319328
1264183 1661460 86.4495798319328


1660511 1263255 86.4495798319328
1661460 1264183 86.4495798319328


2098797 2098797 86.4548494983278
2099394 2099394 86.4548494983278


886821 1479841 86.4661654135338
887751 1480769 86.4661654135338


1479841 886821 86.4661654135338
1480769 887751 86.4661654135338


1885404 1885404 86.4661654135338
1885669 1885669 86.4661654135338


661801 1521867 86.5687303252886
662739 1522814 86.5687303252886


1521867 661801 86.5687303252886
1522814 662739 86.5687303252886


1479846 1606423 86.6235167206041
1480769 1607347 86.6235167206041


1606423 1479846 86.6235167206041
1607347 1480769 86.6235167206041


886935 935187 86.7141162514828
887751 936029 86.7141162514828


935187 886935 86.7141162514828
936029 887751 86.7141162514828


886925 1310819 86.7215041128085
887751 1311668 86.7215041128085


1310819 886925 86.7215041128085
1311668 887751 86.7215041128085


1147210 1263250 86.7379679144385
1148141 1264183 86.7379679144385


1263250 1147210 86.7379679144385
1264183 1148141 86.7379679144385


188206 381987 86.8571428571429
188379 382158 86.8571428571429


381987 188206 86.8571428571429
382158 188379 86.8571428571429


1403770 1606510 86.8757259001161
1404630 1607347 86.8757259001161


1606510 1403770 86.8757259001161
1607347 1404630 86.8757259001161


1263255 1606423 86.8817204301075
1264183 1607347 86.8817204301075


1606423 1263255 86.8817204301075
1607347 1264183 86.8817204301075


661803 1038505 86.8835257082896
662739 1039452 86.8835257082896


1038505 661803 86.8835257082896
1039452 662739 86.8835257082896


886913 1038592 86.9212962962963
887751 1039455 86.9212962962963


1038592 886913 86.9212962962963
1039455 887751 86.9212962962963


935187 1147325 86.9513641755635
936029 1148141 86.9513641755635


935187 1606532 86.9513641755635
936029 1607347 86.9513641755635


1147325 935187 86.9513641755635
1148141 936029 86.9513641755635


1606532 935187 86.9513641755635
1607347 936029 86.9513641755635


1310819 1606522 86.9565217391304
1311668 1607347 86.9565217391304


1606522 1310819 86.9565217391304
1607347 1311668 86.9565217391304


661803 1310714 86.9747899159664
662739 1311665 86.9747899159664


1310714 661803 86.9747899159664
1311665 662739 86.9747899159664


381987 1404438 86.9791666666667
382174 1404628 86.9791666666667


1404438 381987 86.9791666666667
1404628 382174 86.9791666666667


2098178 2098178 87.0333988212181
2098686 2098686 87.0333988212181


1263253 1403681 87.0798319327731
1264183 1404630 87.0798319327731


1403681 1263253 87.0798319327731
1404630 1264183 87.0798319327731


750808 1422702 87.1252204585538
751340 1423256 87.1252204585538


1422702 750808 87.1252204585538
1423256 751340 87.1252204585538


1263255 1310714 87.1338912133891
1264183 1311668 87.1338912133891


1310714 1263255 87.1338912133891
1311668 1264183 87.1338912133891


1038592 1606510 87.1527777777778
1039455 1607347 87.1527777777778


1606510 1038592 87.1527777777778
1607347 1039455 87.1527777777778


381987 662550 87.1794871794872
382177 662743 87.1794871794872


662550 381987 87.1794871794872
662743 382177 87.1794871794872


886821 1147210 87.3390557939914
887751 1148141 87.3390557939914


1147210 886821 87.3390557939914
1148141 887751 87.3390557939914


205110 1267731 87.3601789709172
206002 1268599 87.3601789709172


1267731 205110 87.3601789709172
1268599 206002 87.3601789709172


1038505 1263255 87.408184679958
1039455 1264183 87.408184679958


1263255 1038505 87.408184679958
1264183 1039455 87.408184679958


381987 1039263 87.5
382174 1039453 87.5


1039263 381987 87.5
1039453 382174 87.5


1147215 1606423 87.5
1148141 1607347 87.5


1606423 1147215 87.5
1607347 1148141 87.5


886826 1606423 87.7022653721683
887751 1607347 87.7022653721683


1606423 886826 87.7022653721683
1607347 887751 87.7022653721683


886821 1263250 87.807486631016
887751 1264183 87.807486631016


1263250 886821 87.807486631016
1264183 887751 87.807486631016


750808 1533340 87.8521126760563
751340 1533907 87.8521126760563


1533340 750808 87.8521126760563
1533907 751340 87.8521126760563


750812 822312 87.9218472468916
751340 822874 87.9218472468916


822312 750812 87.9218472468916
822874 751340 87.9218472468916


1521956 1606510 87.9350348027842
1522817 1607347 87.9350348027842


1606510 1521956 87.9350348027842
1607347 1522817 87.9350348027842


381987 818475 88.0829015544041
382174 818666 88.0829015544041


818475 381987 88.0829015544041
818666 382174 88.0829015544041


750808 1315316 88.1834215167548
751340 1315881 88.1834215167548


750808 939678 88.1834215167548
751340 940244 88.1834215167548


939678 750808 88.1834215167548
940244 751340 88.1834215167548


1315316 750808 88.1834215167548
1315881 751340 88.1834215167548


935064 1660511 88.1987577639752
936029 1661460 88.1987577639752


1660511 935064 88.1987577639752
1661460 936029 88.1987577639752


750808 1151792 88.2352941176471
751340 1152352 88.2352941176471


1151792 750808 88.2352941176471
1152352 751340 88.2352941176471


1922944 1922944 88.3324728962313
1924880 1924880 88.3324728962313


205209 750808 88.3464566929134
205841 751408 88.3464566929134


750808 205209 88.3464566929134
751408 205841 88.3464566929134


1147210 1479841 88.412017167382
1148141 1480769 88.412017167382


1479841 1147210 88.412017167382
1480769 1148141 88.412017167382


935064 1403683 88.5093167701863
936029 1404630 88.5093167701863


1403683 935064 88.5093167701863
1404630 936029 88.5093167701863


750808 1750849 88.5361552028219
751340 1751415 88.5361552028219


1750849 750808 88.5361552028219
1751415 751340 88.5361552028219


724195 747947 88.6214442013129
725107 748854 88.6214442013129


747947 724195 88.6214442013129
748854 725107 88.6214442013129


2087365 2087527 88.6792452830189
2087933 2088099 88.6792452830189


2087527 2087365 88.6792452830189
2088099 2087933 88.6792452830189


750808 1665107 88.7125220458554
751340 1665673 88.7125220458554


750808 1052260 88.7125220458554
751340 1052826 88.7125220458554


1052260 750808 88.7125220458554
1052826 751340 88.7125220458554


1665107 750808 88.7125220458554
1665673 751340 88.7125220458554


857741 977047 88.75
858687 978005 88.75


977047 857741 88.75
978005 858687 88.75


1263253 1521867 88.7722980062959
1264183 1522817 88.7722980062959


1521867 1263253 88.7722980062959
1522817 1264183 88.7722980062959


47907 47907 88.8059701492537
48442 48442 88.8059701492537


935064 1521869 88.8198757763975
936029 1522817 88.8198757763975


1521869 935064 88.8198757763975
1522817 936029 88.8198757763975


1240689 1721917 88.858939802336
1241698 1723028 88.858939802336


1721917 1240689 88.858939802336
1723028 1241698 88.858939802336


2087317 2087654 88.8888888888889
2087771 2088102 88.8888888888889


2087654 2087317 88.8888888888889
2088102 2087771 88.8888888888889


1886656 1886656 88.9887640449438
1887100 1887100 88.9887640449438


1268102 1611503 89.1566265060241
1268599 1612000 89.1566265060241


1611503 1268102 89.1566265060241
1612000 1268599 89.1566265060241


977047 1705332 89.1779396462019
978005 1706280 89.1779396462019


1705332 977047 89.1779396462019
1706280 978005 89.1779396462019


977047 1455272 89.2708333333333
978005 1456218 89.2708333333333


977047 1711056 89.2708333333333
978005 1712003 89.2708333333333


977047 1234485 89.2708333333333
978005 1235430 89.2708333333333


1234485 977047 89.2708333333333
1235430 978005 89.2708333333333


1455272 977047 89.2708333333333
1456218 978005 89.2708333333333


1711056 977047 89.2708333333333
1712003 978005 89.2708333333333


1791620 1791620 89.2913385826772
1792254 1792254 89.2913385826772


977047 1346171 89.5615866388309
978003 1347114 89.5615866388309


1346171 977047 89.5615866388309
1347114 978003 89.5615866388309


857737 1114234 89.5812053115424
858703 1115211 89.5812053115424


1114234 857737 89.5812053115424
1115211 858703 89.5812053115424


1606423 1606423 89.6216216216216
1607347 1607347 89.6216216216216


935064 1038505 89.648033126294
936029 1039455 89.648033126294


1038505 935064 89.648033126294
1039455 936029 89.648033126294


1240689 1461424 89.6489648964896
1241698 1462533 89.6489648964896


1461424 1240689 89.6489648964896
1462533 1241698 89.6489648964896


886821 886821 89.6885069817401
887751 887751 89.6885069817401


1147210 1147210 89.6995708154506
1148141 1148141 89.6995708154506


1479836 1479836 89.7216274089936
1480769 1480769 89.7216274089936


987906 1240689 89.7389738973897
989014 1241698 89.7389738973897


1240689 987906 89.7389738973897
1241698 989014 89.7389738973897


935064 1310714 89.7515527950311
936029 1311668 89.7515527950311


1310714 935064 89.7515527950311
1311668 936029 89.7515527950311


977047 1114238 89.7916666666667
978005 1115195 89.7916666666667


1114238 977047 89.7916666666667
1115195 978005 89.7916666666667


661803 935064 89.8234683281412
662739 936026 89.8234683281412


935064 661803 89.8234683281412
936026 662739 89.8234683281412


977047 1583225 89.8958333333333
978005 1584171 89.8958333333333


1583225 977047 89.8958333333333
1584171 978005 89.8958333333333


172976 185781 89.9038461538462
173176 185985 89.9038461538462


185781 172976 89.9038461538462
185985 173176 89.9038461538462


1114233 1705327 89.9082568807339
1115211 1706296 89.9082568807339


1705327 1114233 89.9082568807339
1706296 1115211 89.9082568807339


1240689 1357053 89.9189918991899
1241698 1358161 89.9189918991899


1357053 1240689 89.9189918991899
1358161 1241698 89.9189918991899


864036 1721937 89.935956084172
865041 1723028 89.935956084172


1721937 864036 89.935956084172
1723028 865041 89.935956084172


1114233 1711051 90
1115211 1712019 90


1114233 1234480 90
1115211 1235446 90


1234480 1114233 90
1235446 1115211 90


1521869 1660511 90
1522817 1661460 90


1660511 1521869 90
1661460 1522817 90


1711051 1114233 90
1712019 1115211 90


1124593 1240689 90.00900090009
1125702 1241698 90.00900090009


1240689 1124593 90.00900090009
1241698 1125702 90.00900090009


1310714 1660511 90.0627615062761
1311668 1661460 90.0627615062761


1660511 1310714 90.0627615062761
1661460 1311668 90.0627615062761


635832 653613 90.2857142857143
636181 653962 90.2857142857143


653613 635832 90.2857142857143
653962 636181 90.2857142857143


1114233 1346166 90.3061224489796
1115211 1347132 90.3061224489796


1346166 1114233 90.3061224489796
1347132 1115211 90.3061224489796


1404866 1661696 90.3181189488243
1405588 1662417 90.3181189488243


1661696 1404866 90.3181189488243
1662417 1405588 90.3181189488243


1310714 1403683 90.3765690376569
1311668 1404630 90.3765690376569


1403683 1310714 90.3765690376569
1404630 1311668 90.3765690376569


1267731 1422603 90.3780068728522
1268599 1423463 90.3780068728522


1422603 1267731 90.3780068728522
1423463 1268599 90.3780068728522


857737 1705328 90.4123711340206
858703 1706296 90.4123711340206


1705328 857737 90.4123711340206
1706296 858703 90.4123711340206


188624 1747439 90.4545454545455
188841 1747658 90.4545454545455


1747439 188624 90.4545454545455
1747658 188841 90.4545454545455


362574 372063 90.4761904761905
362674 372167 90.4761904761905


372063 362574 90.4761904761905
372167 362674 90.4761904761905


857737 1711052 90.5056759545924
858703 1712019 90.5056759545924


1711052 857737 90.5056759545924
1712019 858703 90.5056759545924


1114233 1455267 90.5102040816327
1115211 1456234 90.5102040816327


1455267 1114233 90.5102040816327
1456234 1115211 90.5102040816327


1403680 1521866 90.546218487395
1404630 1522817 90.546218487395


1521866 1403680 90.546218487395
1522817 1404630 90.546218487395


1810318 1810318 90.5686546463245
1811038 1811038 90.5686546463245


857737 1455268 90.5894519131334
858703 1456234 90.5894519131334


1455268 857737 90.5894519131334
1456234 858703 90.5894519131334


1267731 1750750 90.6071019473081
1268599 1751622 90.6071019473081


1750750 1267731 90.6071019473081
1751622 1268599 90.6071019473081


1234480 1705327 90.6282183316169
1235446 1706296 90.6282183316169


1705327 1234480 90.6282183316169
1706296 1235446 90.6282183316169


1403683 1660511 90.6315789473684
1404630 1661460 90.6315789473684


1660511 1403683 90.6315789473684
1661460 1404630 90.6315789473684


1310714 1521869 90.6903765690377
1311668 1522817 90.6903765690377


1521869 1310714 90.6903765690377
1522817 1311668 90.6903765690377


2033788 2081042 90.6976744186046
2033958 2081212 90.6976744186046


2081042 2033788 90.6976744186046
2081212 2033958 90.6976744186046


1114233 1583220 90.7142857142857
1115211 1584187 90.7142857142857


1583220 1114233 90.7142857142857
1584187 1115211 90.7142857142857


1234480 1711051 90.7216494845361
1235446 1712019 90.7216494845361


1711051 1234480 90.7216494845361
1712019 1235446 90.7216494845361


1455267 1705327 90.7312049433574
1456234 1706296 90.7312049433574


1705327 1455267 90.7312049433574
1706296 1456234 90.7312049433574


678184 1523990 90.7514450867052
678702 1524504 90.7514450867052


678184 1040628 90.7514450867052
678702 1041143 90.7514450867052


1040628 678184 90.7514450867052
1041143 678702 90.7514450867052


1523990 678184 90.7514450867052
1524504 678702 90.7514450867052


189555 678184 90.7692307692308
190062 678702 90.7692307692308


678184 189555 90.7692307692308
678702 190062 90.7692307692308


857737 1346167 90.7962771458118
858703 1347132 90.7962771458118


1346167 857737 90.7962771458118
1347132 858703 90.7962771458118


1611503 1751121 90.8071748878924
1612390 1752011 90.8071748878924


1751121 1611503 90.8071748878924
1752011 1612390 90.8071748878924


1455267 1711051 90.8247422680412
1456234 1712019 90.8247422680412


1711051 1455267 90.8247422680412
1712019 1456234 90.8247422680412


1267731 1533241 90.8466819221968
1268599 1534114 90.8466819221968


1533241 1267731 90.8466819221968
1534114 1268599 90.8466819221968


857737 1583221 90.899689762151
858703 1584187 90.899689762151


857737 1234481 90.899689762151
858703 1235446 90.899689762151


1234481 857737 90.899689762151
1235446 858703 90.899689762151


1583221 857737 90.899689762151
1584187 858703 90.899689762151


662979 1747439 90.9090909090909
663197 1747658 90.9090909090909


1747439 662979 90.9090909090909
1747658 663197 90.9090909090909


864036 1461444 90.9257561869844
865041 1462533 90.9257561869844


864036 1357073 90.9257561869844
865041 1358161 90.9257561869844


1357073 864036 90.9257561869844
1358161 865041 90.9257561869844


1461444 864036 90.9257561869844
1462533 865041 90.9257561869844


678184 819841 90.9441233140655
678702 820353 90.9441233140655


819841 678184 90.9441233140655
820353 678702 90.9441233140655


792103 1052866 90.9495548961424
794075 1054849 90.9495548961424


1052866 792103 90.9495548961424
1054849 794075 90.9495548961424


792103 1533947 90.9754479097545
793562 1535425 90.9754479097545


1533947 792103 90.9754479097545
1535425 793562 90.9754479097545


1583220 1705327 91.0401647785788
1584187 1706296 91.0401647785788


1705327 1583220 91.0401647785788
1706296 1584187 91.0401647785788


822213 1267731 91.0652920962199
823081 1268599 91.0652920962199


1267731 822213 91.0652920962199
1268599 823081 91.0652920962199


864036 987926 91.109074243813
865041 989014 91.109074243813


864036 1124613 91.109074243813
865041 1125702 91.109074243813


987926 864036 91.109074243813
989014 865041 91.109074243813


1124613 864036 91.109074243813
1125702 865041 91.109074243813


1234469 1455256 91.1133810010215
1235446 1456234 91.1133810010215


1455256 1234469 91.1133810010215
1456234 1235446 91.1133810010215


1346166 1705327 91.1340206185567
1347132 1706296 91.1340206185567


1583220 1711051 91.1340206185567
1584187 1712019 91.1340206185567


1705327 1346166 91.1340206185567
1706296 1347132 91.1340206185567


1711051 1583220 91.1340206185567
1712019 1584187 91.1340206185567


678184 1149316 91.1368015414258
678702 1149830 91.1368015414258


678184 1312842 91.1368015414258
678702 1313356 91.1368015414258


1149316 678184 91.1368015414258
1149830 678702 91.1368015414258


1312842 678184 91.1368015414258
1313356 678702 91.1368015414258


1038505 1521869 91.1671924290221
1039455 1522817 91.1671924290221


1521869 1038505 91.1671924290221
1522817 1039455 91.1671924290221


1267731 1315217 91.1798396334479
1268599 1316088 91.1798396334479


1315217 1267731 91.1798396334479
1316088 1268599 91.1798396334479


1234480 1346166 91.2190082644628
1235446 1347132 91.2190082644628


1346166 1234480 91.2190082644628
1347132 1235446 91.2190082644628


678179 1748370 91.2213740458015
678702 1748889 91.2213740458015


1748370 678179 91.2213740458015
1748889 678702 91.2213740458015


1346166 1711051 91.2280701754386
1347132 1712019 91.2280701754386


1711051 1346166 91.2280701754386
1712019 1347132 91.2280701754386


418113 424350 91.2418300653595
418862 425112 91.2418300653595


424350 418113 91.2418300653595
425112 418862 91.2418300653595


1038505 1660511 91.2723449001052
1039455 1661460 91.2723449001052


1660511 1038505 91.2723449001052
1661460 1039455 91.2723449001052


187764 1480139 91.2762520193861
188379 1480751 91.2762520193861


1480139 187764 91.2762520193861
1480751 188379 91.2762520193861


939579 1267731 91.2943871706758
940451 1268599 91.2943871706758


1267731 939579 91.2943871706758
1268599 940451 91.2943871706758


1346166 1455267 91.3223140495868
1347132 1456234 91.3223140495868


1455267 1346166 91.3223140495868
1456234 1347132 91.3223140495868


204506 722667 91.3253012048193
204918 723081 91.3253012048193


722667 204506 91.3253012048193
723081 204918 91.3253012048193


678184 1265356 91.3294797687861
678702 1265870 91.3294797687861


678184 937204 91.3294797687861
678702 937718 91.3294797687861


937204 678184 91.3294797687861
937718 678702 91.3294797687861


1265356 678184 91.3294797687861
1265870 678702 91.3294797687861


1455267 1583220 91.4256198347107
1456234 1584187 91.4256198347107


1583220 1455267 91.4256198347107
1584187 1456234 91.4256198347107


1038505 1310714 91.4315569487983
1039455 1311668 91.4315569487983


1310714 1038505 91.4315569487983
1311668 1039455 91.4315569487983


678184 1662633 91.5221579961464
678702 1663147 91.5221579961464


678184 1405823 91.5221579961464
678702 1406337 91.5221579961464


678184 1481943 91.5221579961464
678702 1482457 91.5221579961464


1405823 678184 91.5221579961464
1406337 678702 91.5221579961464


1481943 678184 91.5221579961464
1482457 678702 91.5221579961464


1662633 678184 91.5221579961464
1663147 678702 91.5221579961464


792103 1423296 91.5430267062315
794075 1425290 91.5430267062315


1423296 792103 91.5430267062315
1425290 794075 91.5430267062315


1661696 1661696 91.5512465373961
1662417 1662417 91.5512465373961


664577 1050452 91.5675675675676
665495 1051368 91.5675675675676


1050452 664577 91.5675675675676
1051368 665495 91.5675675675676


299889 977366 91.5756630265211
300526 977999 91.5756630265211


977366 299889 91.5756630265211
977999 300526 91.5756630265211


1038505 1403683 91.5878023133544
1039455 1404630 91.5878023133544


1403683 1038505 91.5878023133544
1404630 1039455 91.5878023133544


1241056 1591104 91.6158536585366
1241698 1591759 91.6158536585366


1591104 1241056 91.6158536585366
1591759 1241698 91.6158536585366


1346166 1583220 91.6322314049587
1347132 1584187 91.6322314049587


1583220 1346166 91.6322314049587
1584187 1347132 91.6322314049587


792103 822914 91.6543209876543
794075 824911 91.6543209876543


822914 792103 91.6543209876543
824911 794075 91.6543209876543


205110 1750750 91.6601714731099
206391 1752011 91.6601714731099


1750750 205110 91.6601714731099
1752011 206391 91.6601714731099


662104 1480139 91.6666666666667
662739 1480766 91.6666666666667


1480139 662104 91.6666666666667
1480766 662739 91.6666666666667


678184 1608521 91.7148362235068
678702 1609035 91.7148362235068


678184 888910 91.7148362235068
678702 889424 91.7148362235068


888910 678184 91.7148362235068
889424 678702 91.7148362235068


1608521 678184 91.7148362235068
1609035 678702 91.7148362235068


1052161 1267731 91.7525773195876
1053033 1268599 91.7525773195876


1267731 1052161 91.7525773195876
1268599 1053033 91.7525773195876


673683 730381 91.7808219178082
674047 730741 91.7808219178082


730381 673683 91.7808219178082
730741 674047 91.7808219178082


792103 1665713 91.7903066271019
794075 1667707 91.7903066271019


1665713 792103 91.7903066271019
1667707 794075 91.7903066271019


188624 1607585 91.8181818181818
188841 1607804 91.8181818181818


1607585 188624 91.8181818181818
1607804 188841 91.8181818181818


1234480 1583220 91.8388429752066
1235446 1584187 91.8388429752066


1583220 1234480 91.8388429752066
1584187 1235446 91.8388429752066


299889 1455580 91.8429003021148
300548 1456234 91.8429003021148


299889 1114557 91.8429003021148
300548 1115211 91.8429003021148


1114557 299889 91.8429003021148
1115211 300548 91.8429003021148


1455580 299889 91.8429003021148
1456234 300548 91.8429003021148


750808 1267830 91.8575063613232
751200 1268222 91.8575063613232


1267830 750808 91.8575063613232
1268222 751200 91.8575063613232


189460 663815 91.8694362017804
191117 665495 91.8694362017804


663815 189460 91.8694362017804
665495 191117 91.8694362017804


664599 1531556 91.8978912319645
665495 1532448 91.8978912319645


1531556 664599 91.8978912319645
1532448 665495 91.8978912319645


663910 678184 91.9075144508671
664424 678702 91.9075144508671


678184 663910 91.9075144508671
678702 664424 91.9075144508671


977047 977047 91.970802919708
978005 978005 91.970802919708


1267731 1665008 91.9816723940435
1268599 1665880 91.9816723940435


1665008 1267731 91.9816723940435
1665880 1268599 91.9816723940435


418113 418113 91.9875130072841
419073 419073 91.9875130072841


1205472 1215386 91.9950738916256
1206283 1216197 91.9950738916256


1215386 1205472 91.9950738916256
1216197 1206283 91.9950738916256


750808 1610995 92
751082 1611269 92


1610995 750808 92
1611269 751082 92


663809 1405703 92.0023696682464
665470 1407380 92.0023696682464


1405703 663809 92.0023696682464
1407380 665470 92.0023696682464


207942 1557608 92.0353982300885
208167 1557833 92.0353982300885


207942 825010 92.0353982300885
208167 825235 92.0353982300885


825010 207942 92.0353982300885
825235 208167 92.0353982300885


1557608 207942 92.0353982300885
1557833 208167 92.0353982300885


817745 1310714 92.0704845814978
817963 1310940 92.0704845814978


1310714 817745 92.0704845814978
1310940 817963 92.0704845814978


750808 891385 92.1119592875318
751200 891777 92.1119592875318


891385 750808 92.1119592875318
891777 751200 92.1119592875318


188628 1481011 92.1296296296296
188841 1481226 92.1296296296296


1481011 188628 92.1296296296296
1481226 188841 92.1296296296296


189036 663392 92.1311475409836
189339 663692 92.1311475409836


663392 189036 92.1311475409836
663692 189339 92.1311475409836


664420 701212 92.1331316187594
665079 701872 92.1331316187594


701212 664420 92.1331316187594
701872 665079 92.1331316187594


1114233 1114233 92.1348314606742
1115211 1115211 92.1348314606742


299889 1583533 92.1450151057402
300548 1584187 92.1450151057402


299889 1346478 92.1450151057402
300548 1347132 92.1450151057402


1346478 299889 92.1450151057402
1347132 300548 92.1450151057402


1583533 299889 92.1450151057402
1584187 300548 92.1450151057402


662104 887119 92.1507064364207
662739 887748 92.1507064364207


887119 662104 92.1507064364207
887748 662739 92.1507064364207


299889 1705641 92.156862745098
300548 1706296 92.156862745098


1705641 299889 92.156862745098
1706296 300548 92.156862745098


663392 1264834 92.1824104234528
663694 1265140 92.1824104234528


1264834 663392 92.1824104234528
1265140 663694 92.1824104234528


663392 1312320 92.2077922077922
663694 1312626 92.2077922077922


1312320 663392 92.2077922077922
1312626 663694 92.2077922077922


299560 299560 92.2143579373104
300548 300548 92.2143579373104


817740 1263250 92.2222222222222
817915 1263429 92.2222222222222


1263250 817740 92.2222222222222
1263429 817915 92.2222222222222


187443 817736 92.2413793103448
187674 817963 92.2413793103448


817736 187443 92.2413793103448
817963 187674 92.2413793103448


187764 1147509 92.2455573505654
188379 1148123 92.2455573505654


1147509 187764 92.2455573505654
1148123 188379 92.2455573505654


662979 1607585 92.2727272727273
663197 1607804 92.2727272727273


662979 1264421 92.2727272727273
663197 1264639 92.2727272727273


1264421 662979 92.2727272727273
1264639 663197 92.2727272727273


1607585 662979 92.2727272727273
1607804 663197 92.2727272727273


299889 1234793 92.2960725075529
300548 1235446 92.2960725075529


299889 1711365 92.2960725075529
300548 1712019 92.2960725075529


1234793 299889 92.2960725075529
1235446 300548 92.2960725075529


1711365 299889 92.2960725075529
1712019 300548 92.2960725075529


792103 1152392 92.3000987166831
794075 1154402 92.3000987166831


1152392 792103 92.3000987166831
1154402 794075 92.3000987166831


300329 381987 92.3423423423423
300548 382208 92.3423423423423


381987 300329 92.3423423423423
382208 300548 92.3423423423423


1796321 1796321 92.3430321592649
1796973 1796973 92.3430321592649


663424 1608031 92.3636363636364
663694 1608305 92.3636363636364


1608031 663424 92.3636363636364
