#-- forward hits sorted by %sim
0 0 0
0 0 0


3288177 3325880 69.7211155378486
3288414 3326130 69.7211155378486


486796 3170963 71.0982658959538
486968 3171128 71.0982658959538


619259 3170963 71.0982658959538
619431 3171128 71.0982658959538


3170963 486796 71.0982658959538
3171128 486968 71.0982658959538


3170963 619259 71.0982658959538
3171128 619431 71.0982658959538


3510354 3510354 72.8070175438597
3510581 3510581 72.8070175438597


372318 3170963 72.8323699421965
372490 3171128 72.8323699421965


3170963 372318 72.8323699421965
3171128 372490 72.8323699421965


3112782 3112782 73.2673267326733
3113084 3113084 73.2673267326733


3288177 3288177 73.5294117647059
3288414 3288414 73.5294117647059


524332 836890 73.8351254480287
524598 837167 73.8351254480287


567794 3170963 73.9884393063584
567966 3171132 73.9884393063584


3170963 567794 73.9884393063584
3171132 567966 73.9884393063584


3072647 3329574 74.1538461538462
3072947 3329898 74.1538461538462


3329574 3072647 74.1538461538462
3329898 3072947 74.1538461538462


524332 2672918 74.1935483870968
524598 2673195 74.1935483870968


1138290 2791767 74.6203904555314
1138738 2792224 74.6203904555314


1138290 2723058 74.8373101952278
1138738 2723515 74.8373101952278


3030510 2791767 74.8373101952278
3030958 2792224 74.8373101952278


3030510 2723058 75.0542299349241
3030958 2723515 75.0542299349241


617210 617210 75.7009345794392
617530 617530 75.7009345794392


390669 1475826 75.9109311740891
391161 1476230 75.9109311740891


1475826 390669 75.9109311740891
1476230 391161 75.9109311740891


1051217 3364853 75.974025974026
1051677 3365226 75.974025974026


2937994 3364853 75.974025974026
2938455 3365226 75.974025974026


3364853 1051217 75.974025974026
3365226 1051677 75.974025974026


3364853 2937994 75.974025974026
3365226 2938455 75.974025974026


1051217 1475908 76.0259179265659
1051677 1476282 76.0259179265659


1475908 1051217 76.0259179265659
1476282 1051677 76.0259179265659


1475908 2937994 76.0259179265659
1476282 2938455 76.0259179265659


2937994 1475908 76.0259179265659
2938455 1476282 76.0259179265659


385575 664120 76.198347107438
386178 664682 76.198347107438


664120 385575 76.198347107438
664682 386178 76.198347107438


1475967 2567100 76.2096774193548
1476370 2567593 76.2096774193548


2567100 1475967 76.2096774193548
2567593 1476370 76.2096774193548


3163343 3170968 76.25
3163502 3171126 76.25


3170968 3163343 76.25
3171126 3163502 76.25


390669 3364771 76.2677484787018
391161 3365174 76.2677484787018


3364771 390669 76.2677484787018
3365174 391161 76.2677484787018


2567100 3364912 76.3636363636364
2567593 3365314 76.3636363636364


3364912 2567100 76.3636363636364
3365314 2567593 76.3636363636364


671984 1475967 76.4112903225807
672477 1476370 76.4112903225807


1475967 671984 76.4112903225807
1476370 672477 76.4112903225807


2798517 3072590 76.4705882352941
2798890 3072942 76.4705882352941


3072590 2798517 76.4705882352941
3072942 2798890 76.4705882352941


2558666 2691554 76.5294771968854
2559532 2692450 76.5294771968854


2691554 2558666 76.5294771968854
2692450 2559532 76.5294771968854


1766779 3611940 76.555023923445
1766982 3612147 76.555023923445


3611940 1766779 76.555023923445
3612147 1766982 76.555023923445


671984 3364912 76.5656565656566
672477 3365314 76.5656565656566


3364912 671984 76.5656565656566
3365314 672477 76.5656565656566


212407 221737 76.5957446808511
212735 222064 76.5957446808511


221737 212407 76.5957446808511
222064 212735 76.5957446808511


2794555 3088194 76.7160161507402
2795280 3088915 76.7160161507402


3088194 2794555 76.7160161507402
3088915 2795280 76.7160161507402


2725847 3088194 76.9541778975741
2726571 3088915 76.9541778975741


3088194 2725847 76.9541778975741
3088915 2726571 76.9541778975741


3611940 3678260 77.511961722488
3612147 3678463 77.511961722488


3678260 3611940 77.511961722488
3678463 3612147 77.511961722488


3123369 3170963 77.7777777777778
3123539 3171132 77.7777777777778


3170963 3123369 77.7777777777778
3171132 3123539 77.7777777777778


663889 2583242 77.9510022271715
664744 2584138 77.9510022271715


2583242 663889 77.9510022271715
2584138 664744 77.9510022271715


357595 664120 77.9735682819383
358272 664758 77.9735682819383


664120 357595 77.9735682819383
664758 358272 77.9735682819383


1734373 3646105 78
1734722 3646454 78


2189159 3092717 78
2189550 3093110 78


3092717 2189159 78
3093110 2189550 78


3646105 1734373 78
3646454 1734722 78


664168 3088286 78.1102362204724
664758 3088915 78.1102362204724


3088286 664168 78.1102362204724
3088915 664758 78.1102362204724


3606259 3606259 78.1609195402299
3606606 3606606 78.1609195402299


664186 2672918 78.2820097244733
664758 2673530 78.2820097244733


664186 836890 78.2820097244733
664758 837502 78.2820097244733


836890 664186 78.2820097244733
837502 664758 78.2820097244733


2672918 664186 78.2820097244733
2673530 664758 78.2820097244733


1734373 1734373 78.2857142857143
1734722 1734722 78.2857142857143


3646105 3646105 78.2857142857143
3646454 3646454 78.2857142857143


168222 168222 78.3180026281209
168982 168982 78.3180026281209


3072394 3088178 78.3928571428571
3072931 3088721 78.3928571428571


3088178 3072394 78.3928571428571
3088721 3072931 78.3928571428571


387185 2672918 78.4090909090909
387784 2673527 78.4090909090909


2672918 387185 78.4090909090909
2673527 387784 78.4090909090909


559617 2318961 78.4543325526932
560042 2319386 78.4543325526932


2318961 559617 78.4543325526932
2319386 560042 78.4543325526932


686339 2753711 78.4580498866213
687194 2754555 78.4580498866213


2753711 686339 78.4580498866213
2754555 687194 78.4580498866213


3092717 307342 78.5
3093110 307733 78.5


663889 713052 78.5077951002227
664744 713948 78.5077951002227


713052 663889 78.5077951002227
713948 664744 78.5077951002227


2379023 2572010 78.5227272727273
2379878 2572868 78.5227272727273


2572010 2379023 78.5227272727273
2572868 2379878 78.5227272727273


1138290 2692000 78.5398230088496
1138738 2692450 78.5398230088496


2692000 1138290 78.5398230088496
2692450 1138738 78.5398230088496


387185 836890 78.5714285714286
387784 837499 78.5714285714286


836890 387185 78.5714285714286
837499 387784 78.5714285714286


845668 2672918 78.5714285714286
846715 2673914 78.5714285714286


2672918 845668 78.5714285714286
2673914 846715 78.5714285714286


2672922 2794684 78.6296900489396
2673530 2795280 78.6296900489396


2794684 2672922 78.6296900489396
2795280 2673530 78.6296900489396


437108 559617 78.6885245901639
437533 560042 78.6885245901639


559617 437108 78.6885245901639
560042 437533 78.6885245901639


385750 1450044 78.7037037037037
386178 1450475 78.7037037037037


1450044 385750 78.7037037037037
1450475 386178 78.7037037037037


2538215 2572010 78.75
2539073 2572868 78.75


2572010 2538215 78.75
2572868 2539073 78.75


2692000 3030510 78.7610619469027
2692450 3030958 78.7610619469027


3030510 2692000 78.7610619469027
3030958 2692450 78.7610619469027


2672918 2752321 78.7677725118483
2673914 2753353 78.7677725118483


2752321 2672918 78.7677725118483
2753353 2673914 78.7677725118483


385753 3329574 78.7878787878788
386178 3330002 78.7878787878788


3329574 385753 78.7878787878788
3330002 386178 78.7878787878788


836894 2794684 78.7928221859706
837502 2795280 78.7928221859706


2672922 2725976 78.7928221859706
2673530 2726571 78.7928221859706


2725976 2672922 78.7928221859706
2726571 2673530 78.7928221859706


2794684 836894 78.7928221859706
2795280 837502 78.7928221859706


3170963 3170963 78.8235294117647
3171132 3171132 78.8235294117647


836905 845683 78.836987607245
837893 846715 78.836987607245


845683 836905 78.836987607245
846715 837893 78.836987607245


2672743 3072319 78.9147286821705
2673346 3072942 78.9147286821705


3072319 2672743 78.9147286821705
3072942 2673346 78.9147286821705


686339 2693202 78.9293849658314
687194 2694045 78.9293849658314


686339 847075 78.9293849658314
687194 847918 78.9293849658314


847075 686339 78.9293849658314
847918 687194 78.9293849658314


2693202 686339 78.9293849658314
2694045 687194 78.9293849658314


836894 2725976 78.9559543230016
837502 2726571 78.9559543230016


2725976 836894 78.9559543230016
2726571 837502 78.9559543230016


836905 2752336 79.0384615384615
837893 2753353 79.0384615384615


2752336 836905 79.0384615384615
2753353 837893 79.0384615384615


836715 3072319 79.0697674418605
837318 3072942 79.0697674418605


3072319 836715 79.0697674418605
3072942 837318 79.0697674418605


437108 3134261 79.0748898678414
437560 3134713 79.0748898678414


2318961 3134261 79.0748898678414
2319413 3134713 79.0748898678414


3134261 437108 79.0748898678414
3134713 437560 79.0748898678414


3134261 2318961 79.0748898678414
3134713 2319413 79.0748898678414


3092717 3128505 79.1044776119403
3093112 3128894 79.1044776119403


3128505 3092717 79.1044776119403
3128894 3093112 79.1044776119403


845908 3075564 79.1208791208791
846267 3075895 79.1208791208791


3075564 845908 79.1208791208791
3075895 846267 79.1208791208791


599393 2572087 79.2029887920299
600170 2572868 79.2029887920299


2572087 599393 79.2029887920299
2572868 600170 79.2029887920299


663886 2791316 79.4279427942794
664750 2792219 79.4279427942794


2791316 663886 79.4279427942794
2792219 664750 79.4279427942794


686339 2538215 79.4754846066134
687194 2539073 79.4754846066134


2538215 686339 79.4754846066134
2539073 687194 79.4754846066134


2340032 2794618 79.5287187039764
2340705 2795280 79.5287187039764


2794618 2340032 79.5287187039764
2795280 2340705 79.5287187039764


1450044 2377909 79.5336787564767
1450429 2378291 79.5336787564767


2377909 1450044 79.5336787564767
2378291 1450429 79.5336787564767


663886 2722607 79.5379537953795
664750 2723510 79.5379537953795


2722607 663886 79.5379537953795
2723510 664750 79.5379537953795


387123 2340032 79.5555555555556
387781 2340700 79.5555555555556


2340032 387123 79.5555555555556
2340700 387781 79.5555555555556


447923 663889 79.5652173913043
448837 664758 79.5652173913043


663889 447923 79.5652173913043
664758 448837 79.5652173913043


2377584 2672743 79.6610169491525
2378291 2673409 79.6610169491525


2672743 2377584 79.6610169491525
2673409 2378291 79.6610169491525


588656 3092717 79.7368421052632
589028 3093096 79.7368421052632


3092717 588656 79.7368421052632
3093096 589028 79.7368421052632


663889 3213366 79.7592997811816
664758 3214274 79.7592997811816


3213366 663889 79.7592997811816
3214274 664758 79.7592997811816


2377909 3329571 79.7927461139896
2378291 3329956 79.7927461139896


3329571 2377909 79.7927461139896
3329956 2378291 79.7927461139896


663889 787186 79.8024149286498
664758 788088 79.8024149286498


663889 763245 79.8024149286498
664758 764149 79.8024149286498


763245 663889 79.8024149286498
764149 664758 79.8024149286498


787186 663889 79.8024149286498
788088 664758 79.8024149286498


3452587 3461742 79.8165137614679
3452800 3461957 79.8165137614679


3461742 3452587 79.8165137614679
3461957 3452800 79.8165137614679


663889 1284379 79.8687089715536
664758 1285286 79.8687089715536


1284379 663889 79.8687089715536
1285286 664758 79.8687089715536


663889 2611938 79.9121844127333
664758 2612842 79.9121844127333


2611938 663889 79.9121844127333
2612842 664758 79.9121844127333


663889 1400333 79.9338478500551
664750 1401229 79.9338478500551


1400333 663889 79.9338478500551
1401229 664750 79.9338478500551


582461 2672922 79.9410029498525
583122 2673530 79.9410029498525


582461 836894 79.9410029498525
583122 837502 79.9410029498525


836894 582461 79.9410029498525
837502 583122 79.9410029498525


2340032 2725910 79.9410029498525
2340705 2726571 79.9410029498525


2672922 582461 79.9410029498525
2673530 583122 79.9410029498525


2725910 2340032 79.9410029498525
2726571 2340705 79.9410029498525


836715 2377584 79.9435028248588
837381 2378291 79.9435028248588


2377584 836715 79.9435028248588
2378291 837381 79.9435028248588


663890 2752026 79.9552071668533
664750 2752910 79.9552071668533


2752026 663890 79.9552071668533
2752910 664750 79.9552071668533


357661 2672918 79.9627213420317
358726 2673917 79.9627213420317


2672918 357661 79.9627213420317
2673917 358726 79.9627213420317


664124 2340032 79.9705449189985
664758 2340705 79.9705449189985


2340032 664124 79.9705449189985
2340705 664758 79.9705449189985


357661 836890 80.1491146318732
358726 837896 80.1491146318732


836890 357661 80.1491146318732
837896 358726 80.1491146318732


663890 845372 80.1791713325868
664750 846262 80.1791713325868


845372 663890 80.1791713325868
846262 664750 80.1791713325868


221737 221737 80.1829268292683
222064 222064 80.1829268292683


2730057 3015761 80.1923076923077
2730510 3016273 80.1923076923077


3015761 2730057 80.1923076923077
3016273 2730510 80.1923076923077


481393 663889 80.1969365426696
482301 664758 80.1969365426696


663889 481393 80.1969365426696
664758 482301 80.1969365426696


385455 2672743 80.3030303030303
386178 2673455 80.3030303030303


2672743 385455 80.3030303030303
2673455 386178 80.3030303030303


385455 836715 80.4407713498623
386178 837427 80.4407713498623


836715 385455 80.4407713498623
837427 386178 80.4407713498623


386431 3129045 80.6474820143885
387780 3130421 80.6474820143885


3129045 386431 80.6916426512968
3130421 387780 80.6916426512968


845958 2730057 80.7321772639692
846473 2730510 80.7321772639692


2730057 845958 80.7321772639692
2730510 846473 80.7321772639692


440892 2753687 80.7486631016043
441780 2754589 80.7486631016043


2753687 440892 80.7486631016043
2754589 441780 80.7486631016043


582395 2340032 80.7795698924731
583122 2340705 80.7795698924731


2340032 582395 80.7795698924731
2340705 583122 80.7795698924731


448281 2729811 80.8238636363636
448983 2730510 80.8238636363636


2729811 448281 80.8238636363636
2730510 448983 80.8238636363636


2322746 2753687 80.9625668449198
2323634 2754589 80.9625668449198


2753687 2322746 80.9625668449198
2754589 2323634 80.9625668449198


2365893 3088194 81
2366277 3088576 81


3088194 2365893 81
3088576 2366277 81


2101002 4017257 81.0869565217391
2101461 4017716 81.0869565217391


4017257 2101002 81.0869565217391
4017716 2101461 81.0869565217391


386254 2614361 81.1149032992036
387990 2616079 81.1149032992036


2614361 386254 81.1149032992036
2616079 387990 81.1149032992036


3092720 805451 81.123595505618
3093997 806772 81.123595505618


3092717 2630213 81.1659192825112
3093997 2631537 81.1659192825112


440892 847050 81.2231759656652
441780 847952 81.2231759656652


847050 440892 81.2231759656652
847952 441780 81.2231759656652


2583399 3088179 81.2415654520918
2584138 3088903 81.2415654520918


3088179 2583399 81.2415654520918
3088903 2584138 81.2415654520918


2340032 3072473 81.25
2340511 3072931 81.25


3072473 2340032 81.25
3072931 2340511 81.25


1123564 2730057 81.3229571984436
1124070 2730510 81.3229571984436


2730057 1123564 81.3229571984436
2730510 1124070 81.3229571984436


2340149 2729811 81.3390313390313
2340849 2730510 81.3390313390313


2729811 2340149 81.3390313390313
2730510 2340849 81.3390313390313


713458 1450044 81.3765182186235
713948 1450537 81.3765182186235


1450044 2583648 81.3765182186235
1450537 2584138 81.3765182186235


1450044 713458 81.3765182186235
1450537 713948 81.3765182186235


2583648 1450044 81.3765182186235
2584138 1450537 81.3765182186235


847050 2322746 81.4377682403433
847952 2323634 81.4377682403433


2322746 847050 81.4377682403433
2323634 847952 81.4377682403433


386293 786577 81.437908496732
387781 788083 81.437908496732


386293 762636 81.437908496732
387781 764144 81.437908496732


762636 386293 81.437908496732
764144 387781 81.437908496732


786577 386293 81.437908496732
788083 387781 81.437908496732


805354 2572271 81.438127090301
805950 2572868 81.438127090301


2572271 805354 81.438127090301
2572868 805950 81.438127090301


440892 2693177 81.445523193096
441780 2694079 81.445523193096


2693177 440892 81.445523193096
2694079 441780 81.445523193096


581097 3087572 81.4625850340136
581671 3088151 81.4625850340136


3087572 581097 81.4625850340136
3088151 581671 81.4625850340136


640525 3092717 81.4648729446936
641851 3093997 81.4648729446936


2535496 3092717 81.4648729446936
2536819 3093997 81.4648729446936


3092717 2535496 81.4648729446936
3093997 2536819 81.4648729446936


3092717 640525 81.4648729446936
3093997 641851 81.4648729446936


1475633 3300496 81.4993954050786
1476370 3301312 81.4993954050786


3300496 1475633 81.4993954050786
3301312 1476370 81.4993954050786


749959 2572010 81.5043156596794
750766 2572813 81.5043156596794


2572010 749959 81.5043156596794
2572813 750766 81.5043156596794


2730057 2752610 81.532416502947
2730510 2753111 81.532416502947


2752610 2730057 81.532416502947
2753111 2730510 81.532416502947


2790797 386381 81.5331010452962
2792219 387780 81.5331010452962


437182 1117830 81.5347721822542
438003 1118662 81.5347721822542


1117830 437182 81.5347721822542
1118662 438003 81.5347721822542


386381 2790797 81.5459610027855
387780 2792219 81.5459610027855


2377675 3088194 81.5533980582524
2378291 3088795 81.5533980582524


3088194 2377675 81.5533980582524
3088795 2378291 81.5533980582524


713458 3329571 81.5789473684211
713948 3330064 81.5789473684211


2583648 3329571 81.5789473684211
2584138 3330064 81.5789473684211


3329571 2583648 81.5789473684211
3330064 2584138 81.5789473684211


3329571 713458 81.5789473684211
3330064 713948 81.5789473684211


357770 3329571 81.6247582205029
358283 3330087 81.6247582205029


3329571 357770 81.6247582205029
3330087 358283 81.6247582205029


713209 3088179 81.6464237516869
713948 3088903 81.6464237516869


3088179 713209 81.6464237516869
3088903 713948 81.6464237516869


385623 3088286 81.6546762589928
386178 3088841 81.6546762589928


3088286 385623 81.6546762589928
3088841 386178 81.6546762589928


1122240 2827850 81.6585956416465
1123868 2829459 81.6585956416465


2827850 3014437 81.6585956416465
2829459 3016065 81.6585956416465


2827850 1122240 81.6585956416465
2829459 1123868 81.6585956416465


3014437 2827850 81.6585956416465
3016065 2829459 81.6585956416465


2322746 2693177 81.6612729234088
2323634 2694079 81.6612729234088


2693177 2322746 81.6612729234088
2694079 2323634 81.6612729234088


71010 71010 81.6753926701571
71200 71200 81.6753926701571


3300496 3364578 81.7412333736397
3301312 3365314 81.7412333736397


3364578 3300496 81.7412333736397
3365314 3301312 81.7412333736397


2722088 386381 81.7421602787456
2723510 387780 81.7421602787456


386381 2722088 81.7548746518106
387780 2723510 81.7548746518106


2572271 2630119 81.7725752508361
2572868 2630715 81.7725752508361


2630119 2572271 81.7725752508361
2630715 2572868 81.7725752508361


643215 3128105 81.7876344086021
644679 3129520 81.7876344086021


3128105 643215 81.7876344086021
3129520 644679 81.7876344086021


2881761 3092717 81.8797629127858
2882929 3093840 81.8797629127858


3092717 2881761 81.8797629127858
3093840 2882929 81.8797629127858


1117830 2319035 81.89448441247
1118662 2319857 81.89448441247


2319035 1117830 81.89448441247
2319857 1118662 81.89448441247


2663020 3092717 81.8965517241379
2664052 3093708 81.8965517241379


3092717 2663020 81.8965517241379
3093708 2664052 81.8965517241379


765085 2188991 81.9047619047619
765683 2189612 81.9047619047619


789023 2188991 81.9047619047619
789621 2189612 81.9047619047619


2188991 765085 81.9047619047619
2189612 765683 81.9047619047619


2188991 789023 81.9047619047619
2189612 789621 81.9047619047619


2188991 2613810 81.9047619047619
2189612 2614408 81.9047619047619


2613810 2188991 81.9047619047619
2614408 2189612 81.9047619047619


480334 3092717 81.9268110530247
481660 3093997 81.9268110530247


3092717 480334 81.9268110530247
3093997 481660 81.9268110530247


2569735 3084143 81.9383259911894
2569961 3084364 81.9383259911894


3084143 2569735 81.9383259911894
3084364 2569961 81.9383259911894


1240463 1475633 81.9612590799031
1241274 1476370 81.9612590799031


1475633 1240463 81.9612590799031
1476370 1241274 81.9612590799031


995174 3092717 81.9644369178662
996343 3093840 81.9644369178662


3092717 995174 81.9644369178662
3093840 996343 81.9644369178662


2538165 3128105 82.0013431833445
2539632 3129520 82.0013431833445


3128105 2538165 82.0013431833445
3129520 2539632 82.0013431833445


2376445 3092717 82.0014936519791
2377770 3093997 82.0014936519791


3092717 2376445 82.0014936519791
3093997 2377770 82.0014936519791


767179 1475633 82.0048309178744
768003 1476370 82.0048309178744


791117 1475633 82.0048309178744
791941 1476370 82.0048309178744


1475633 791117 82.0048309178744
1476370 791941 82.0048309178744


1475633 767179 82.0048309178744
1476370 768003 82.0048309178744


357770 1450044 82.037037037037
358306 1450583 82.037037037037


1450044 357770 82.037037037037
1450583 358306 82.037037037037


3092723 3179114 82.0610687022901
3092984 3179375 82.0610687022901


3179114 3092723 82.0610687022901
3179375 3092984 82.0610687022901


1450047 3177501 82.0702402957486
1450583 3178034 82.0702402957486


3177501 1450047 82.0702402957486
3178034 1450583 82.0702402957486


2188991 3295261 82.0710973724884
2189612 3295867 82.0710973724884


3295261 2188991 82.0710973724884
3295867 2189612 82.0710973724884


1402202 2188991 82.0872274143302
1402815 2189612 82.0872274143302


2188991 1402202 82.0872274143302
2189612 1402815 82.0872274143302


686597 805354 82.1070234113712
687194 805950 82.1070234113712


805354 686597 82.1070234113712
805950 687194 82.1070234113712


713133 2672743 82.1078431372549
713948 2673517 82.1078431372549


2672743 713133 82.1078431372549
2673517 713948 82.1078431372549


307166 2613802 82.1316614420063
307795 2614408 82.1316614420063


307166 765077 82.1316614420063
307795 765683 82.1316614420063


307166 789015 82.1316614420063
307795 789621 82.1316614420063


765077 307166 82.1316614420063
765683 307795 82.1316614420063


789015 307166 82.1316614420063
789621 307795 82.1316614420063


2613802 307166 82.1316614420063
2614408 307795 82.1316614420063


2753712 3013750 82.1350762527233
2754589 3014642 82.1350762527233


3013750 2753712 82.1350762527233
3014642 2754589 82.1350762527233


826992 3092717 82.183908045977
828024 3093708 82.183908045977


3092717 826992 82.183908045977
3093708 828024 82.183908045977


386254 3074377 82.1855435401252
387990 3076098 82.1855435401252


3074377 386254 82.1855435401252
3076098 387990 82.1855435401252


1240463 3364578 82.2033898305085
1241274 3365314 82.2033898305085


3364578 1240463 82.2033898305085
3365314 1241274 82.2033898305085


2932971 3175881 82.2060826146164
2935126 3178000 82.2060826146164


3175881 2932971 82.2060826146164
3178000 2935126 82.2060826146164


713133 836715 82.2303921568627
713948 837489 82.2303921568627


836715 713133 82.2303921568627
837489 713948 82.2303921568627


1339660 1450044 82.2429906542056
1340181 1450578 82.2429906542056


1450044 1339660 82.2429906542056
1450578 1340181 82.2429906542056


1475633 2615882 82.2463768115942
1476370 2616706 82.2463768115942


2615882 1475633 82.2463768115942
2616706 1476370 82.2463768115942


1341127 2188991 82.2530864197531
1341753 2189612 82.2530864197531


2188991 1341127 82.2530864197531
2189612 1341753 82.2530864197531


386346 2582684 82.2845417236662
387774 2584138 82.2845417236662


2582684 386346 82.2845417236662
2584138 387774 82.2845417236662


386254 765636 82.2892938496583
387990 767376 82.2892938496583


386254 789574 82.2892938496583
387990 791314 82.2892938496583


765636 386254 82.2892938496583
767376 387990 82.2892938496583


789574 386254 82.2892938496583
791314 387990 82.2892938496583


307166 1402194 82.3076923076923
307795 1402815 82.3076923076923


1402194 307166 82.3076923076923
1402815 307795 82.3076923076923


307166 1341119 82.3170731707317
307795 1341753 82.3170731707317


1341119 307166 82.3170731707317
1341753 307795 82.3170731707317


2934404 3088194 82.3211875843455
2935126 3088915 82.3211875843455


3088194 2934404 82.3211875843455
3088915 2935126 82.3211875843455


386254 2379782 82.3562891291975
387990 2381531 82.3562891291975


2379782 386254 82.3562891291975
2381531 387990 82.3562891291975


437182 3007474 82.3741007194245
438003 3008306 82.3741007194245


3007474 437182 82.3741007194245
3008306 438003 82.3741007194245


581186 1283412 82.3768410360589
583122 1285286 82.3768410360589


1283412 581186 82.3768410360589
1285286 583122 82.3768410360589


684065 3084143 82.3788546255507
684291 3084364 82.3788546255507


3084143 684065 82.3788546255507
3084364 684291 82.3788546255507


372279 2569752 82.3809523809524
372488 2569961 82.3809523809524


372279 684082 82.3809523809524
372488 684291 82.3809523809524


684082 372279 82.3809523809524
684291 372488 82.3809523809524


2569752 372279 82.3809523809524
2569961 372488 82.3809523809524


386257 480744 82.4281150159744
387781 482296 82.4281150159744


480744 386257 82.4281150159744
482296 387781 82.4281150159744


212407 212407 82.4324324324324
212776 212776 82.4324324324324


1373853 2188991 82.4345146379045
1374483 2189612 82.4345146379045


2188991 1373853 82.4345146379045
2189612 1374483 82.4345146379045


437108 2606826 82.4414715719064
437704 2607422 82.4414715719064


437108 746213 82.4414715719064
437704 746809 82.4414715719064


686597 2630119 82.4414715719064
687194 2630715 82.4414715719064


746213 437108 82.4414715719064
746809 437704 82.4414715719064


2606826 437108 82.4414715719064
2607422 437704 82.4414715719064


2630119 686597 82.4414715719064
2630715 687194 82.4414715719064


1238426 3092723 82.4427480916031
1238686 3092984 82.4427480916031


3092723 1238426 82.4427480916031
3092984 1238686 82.4427480916031


3092723 3131543 82.4427480916031
3092984 3131803 82.4427480916031


3131543 3092723 82.4427480916031
3131803 3092984 82.4427480916031


767179 3364578 82.4667472793228
768003 3365314 82.4667472793228


791117 3364578 82.4667472793228
791941 3365314 82.4667472793228


3364578 791117 82.4667472793228
3365314 791941 82.4667472793228


3364578 767179 82.4667472793228
3365314 768003 82.4667472793228


847076 1121553 82.4945295404814
847952 1122445 82.4945295404814


1121553 847076 82.4945295404814
1122445 847952 82.4945295404814


307166 1373845 82.4961948249619
307795 1374483 82.4961948249619


1373845 307166 82.4961948249619
1374483 307795 82.4961948249619


1121553 1238061 82.5
1122168 1238686 82.5


1238061 1121553 82.5
1238686 1122168 82.5


440888 1238031 82.5037707390648
441502 1238685 82.5037707390648


1238031 440888 82.5037707390648
1238685 441502 82.5037707390648


1238031 2322742 82.5037707390648
1238685 2323356 82.5037707390648


2322742 1238031 82.5037707390648
2323356 1238685 82.5037707390648


386260 3014518 82.5112107623318
387781 3016060 82.5112107623318


3014518 386260 82.5112107623318
3016060 387781 82.5112107623318


386254 483815 82.5270347182698
387990 485566 82.5270347182698


483815 386254 82.5270347182698
485566 387990 82.5270347182698


354159 2841522 82.5503355704698
354307 2841670 82.5503355704698


685292 2841522 82.5503355704698
685438 2841670 82.5503355704698


1436416 2841522 82.5503355704698
1436560 2841670 82.5503355704698


2570962 2841522 82.5503355704698
2571110 2841670 82.5503355704698


2841522 354159 82.5503355704698
2841670 354307 82.5503355704698


2841522 685292 82.5503355704698
2841670 685438 82.5503355704698


2841522 2570962 82.5503355704698
2841670 2571110 82.5503355704698


2841522 1436416 82.5503355704698
2841670 1436560 82.5503355704698


1236812 1450047 82.5602968460111
1237345 1450583 82.5602968460111


1450047 1236812 82.5602968460111
1450583 1237345 82.5602968460111


1404295 1475633 82.5665859564165
1405114 1476370 82.5665859564165


1475634 3181155 82.5665859564165
1476370 3181974 82.5665859564165


1475633 1404295 82.5665859564165
1476370 1405114 82.5665859564165


3181155 1475634 82.5665859564165
3181974 1476370 82.5665859564165


581186 3212400 82.5799898425597
583122 3214274 82.5799898425597


3212400 581186 82.5799898425597
3214274 583122 82.5799898425597


307166 3295253 82.5954198473282
307795 3295867 82.5954198473282


3295253 307166 82.5954198473282
3295867 307795 82.5954198473282


1121553 3131178 82.601880877743
1122168 3131803 82.601880877743


3131178 1121553 82.601880877743
3131803 1122168 82.601880877743


581095 3179094 82.6241134751773
581376 3179375 82.6241134751773


581095 3131523 82.6241134751773
581376 3131803 82.6241134751773


581095 1238406 82.6241134751773
581376 1238686 82.6241134751773


1238406 581095 82.6241134751773
1238686 581376 82.6241134751773


3131523 581095 82.6241134751773
3131803 581376 82.6241134751773


3179094 581095 82.6241134751773
3179375 581376 82.6241134751773


3957681 3957681 82.6285714285714
3958555 3958555 82.6285714285714


302972 1475633 82.6296743063932
303799 1476370 82.6296743063932


1475633 302972 82.6296743063932
1476370 303799 82.6296743063932


1475633 2175239 82.6296743063932
1476370 2176066 82.6296743063932


1475633 2795286 82.6296743063932
1476370 2796112 82.6296743063932


2175239 1475633 82.6296743063932
2176066 1476370 82.6296743063932


2795286 1475633 82.6296743063932
2796112 1476370 82.6296743063932


440888 2341421 82.6490066225166
441592 2342166 82.6490066225166


2341421 440888 82.6490066225166
2342166 441592 82.6490066225166


581097 995162 82.6550387596899
583122 997140 82.6550387596899


995162 581097 82.6550387596899
997140 583122 82.6550387596899


2188991 2753893 82.65625
2189612 2754506 82.65625


2753893 2188991 82.65625
2754506 2189612 82.65625


440888 2613595 82.6881720430108
442704 2615383 82.6881720430108


2613595 440888 82.6881720430108
2615383 442704 82.6881720430108


2932972 3070979 82.7048768225239
2934934 3072931 82.7048768225239


3070979 2932972 82.7048768225239
3072931 2934934 82.7048768225239


2615882 3364578 82.7085852478839
2616706 3365314 82.7085852478839


3364578 2615882 82.7085852478839
3365314 2616706 82.7085852478839


847076 3013750 82.7133479212254
847952 3014642 82.7133479212254


3013750 847076 82.7133479212254
3014642 847952 82.7133479212254


307166 2753885 82.7160493827161
307795 2754506 82.7160493827161


2753885 307166 82.7160493827161
2754506 307795 82.7160493827161


1343240 1475633 82.7250608272506
1344052 1476370 82.7250608272506


1475633 1343240 82.7250608272506
1476370 1344052 82.7250608272506


684065 746809 82.7272727272727
684284 747028 82.7272727272727


746809 2569735 82.7272727272727
747028 2569954 82.7272727272727


746809 684065 82.7272727272727
747028 684284 82.7272727272727


2569735 746809 82.7272727272727
2569954 747028 82.7272727272727


2795286 3364578 82.7294685990338
2796112 3365314 82.7294685990338


3364578 2795286 82.7294685990338
3365314 2796112 82.7294685990338


2319035 3007474 82.7338129496403
2319857 3008306 82.7338129496403


3007474 2319035 82.7338129496403
3008306 2319857 82.7338129496403


1450044 2612344 82.7392120075047
1450576 2612869 82.7392120075047


2612344 1450044 82.7392120075047
2612869 1450576 82.7392120075047


1475633 2726577 82.7503015681544
1476370 2727403 82.7503015681544


2726577 1475633 82.7503015681544
2727403 1476370 82.7503015681544


1343240 3364578 82.7669902912621
1344052 3365314 82.7669902912621


3364578 1343240 82.7669902912621
3365314 1344052 82.7669902912621


1450044 2723015 82.7777777777778
1450583 2723549 82.7777777777778


2723015 1450044 82.7777777777778
2723549 1450583 82.7777777777778


2790797 2793861 82.7972027972028
2792219 2795273 82.7972027972028


2793861 2790797 82.7972027972028
2795273 2792219 82.7972027972028


724146 3175711 82.8049435787211
725978 3177485 82.8049435787211


3175711 724146 82.8049435787211
3177485 725978 82.8049435787211


684065 2607422 82.8054298642534
684285 2607642 82.8054298642534


2569735 2607422 82.8054298642534
2569955 2607642 82.8054298642534


2607422 2569735 82.8054298642534
2607642 2569955 82.8054298642534


2607422 684065 82.8054298642534
2607642 684285 82.8054298642534


1238061 3013750 82.8125
1238686 3014365 82.8125


3013750 1238061 82.8125
3014365 1238686 82.8125


1121553 2693203 82.8227571115974
1122445 2694079 82.8227571115974


2693203 1121553 82.8227571115974
2694079 1122445 82.8227571115974


2188991 2572197 82.8250401284109
2189612 2572819 82.8250401284109


2572197 2188991 82.8250401284109
2572819 2189612 82.8250401284109


386260 1122321 82.8315182575272
387781 1123863 82.8315182575272


1122321 386260 82.8315182575272
1123863 387781 82.8315182575272


386346 712494 82.8317373461012
387774 713948 82.8317373461012


712494 386346 82.8317373461012
713948 387774 82.8317373461012


307195 339925 82.843137254902
307795 340523 82.843137254902


339925 307195 82.843137254902
340523 307795 82.843137254902


2726577 3364578 82.8502415458937
2727403 3365314 82.8502415458937


3364578 2726577 82.8502415458937
3365314 2727403 82.8502415458937


750062 2753806 82.8729281767956
750766 2754500 82.8729281767956


2753806 750062 82.8729281767956
2754500 750766 82.8729281767956


3014105 3092717 82.8849028400598
3015431 3093997 82.8849028400598


3092717 3014105 82.8849028400598
3093997 3015431 82.8849028400598


2188991 2693385 82.8885400313972
2189612 2693996 82.8885400313972


2693385 2188991 82.8885400313972
2693996 2189612 82.8885400313972


3175711 3298183 82.8891257995736
3177512 3300025 82.8891257995736


3298183 3175711 82.8891257995736
3300025 3177512 82.8891257995736


2322742 2613595 82.9032258064516
2324558 2615383 82.9032258064516


2613595 2322742 82.9032258064516
2615383 2324558 82.9032258064516


342023 1475633 82.9090909090909
342846 1476370 82.9090909090909


1475633 342023 82.9090909090909
1476370 342846 82.9090909090909


307166 2572188 82.9113924050633
307795 2572819 82.9113924050633


2572188 307166 82.9113924050633
2572819 307795 82.9113924050633


3178749 1121553 82.9153605015674
3179375 1122168 82.9153605015674


2188991 3260674 82.9192546583851
2189612 3261299 82.9192546583851


2188991 3298393 82.9192546583851
2189612 3299018 82.9192546583851


3260674 2188991 82.9192546583851
3261299 2189612 82.9192546583851


3298393 2188991 82.9192546583851
3299018 2189612 82.9192546583851


356750 386257 82.9248366013072
357931 387444 82.9248366013072


386257 356750 82.9248366013072
387444 357931 82.9248366013072


2725153 2790797 82.9387186629527
2726571 2792224 82.9387186629527


2790797 2725153 82.9387186629527
2792224 2726571 82.9387186629527


1340916 3175711 82.9424307036247
1342761 3177512 82.9424307036247


3175711 1340916 82.9424307036247
3177512 1342761 82.9424307036247


746213 2318961 82.943143812709
746809 2319557 82.943143812709


2318961 746213 82.943143812709
2319557 746809 82.943143812709


2318961 2606826 82.943143812709
2319557 2607422 82.943143812709


2606826 2318961 82.943143812709
2607422 2319557 82.943143812709


307166 2693377 82.9457364341085
307795 2693996 82.9457364341085


2693377 307166 82.9457364341085
2693996 307795 82.9457364341085


685556 1446665 82.9573934837093
685954 1447062 82.9573934837093


1446665 2571228 82.9573934837093
1447062 2571626 82.9573934837093


1446665 685556 82.9573934837093
1447062 685954 82.9573934837093


2571228 1446665 82.9573934837093
2571626 1447062 82.9573934837093


750063 2809691 82.9581993569132
750647 2810304 82.9581993569132


2809691 750063 82.9581993569132
2810304 750647 82.9581993569132


1400736 1450044 82.962962962963
1401268 1450583 82.962962962963


1450044 2791724 82.962962962963
1450583 2792258 82.962962962963


1450044 1400736 82.962962962963
1450583 1401268 82.962962962963


2791724 1450044 82.962962962963
2792258 1450583 82.962962962963


1401992 3175711 82.9673272629888
1403816 3177512 82.9673272629888


3175711 1401992 82.9673272629888
3177512 1403816 82.9673272629888


302972 3364578 82.9710144927536
303799 3365314 82.9710144927536


2175239 3364578 82.9710144927536
2176066 3365314 82.9710144927536


3364578 2175239 82.9710144927536
3365314 2176066 82.9710144927536


3364578 302972 82.9710144927536
3365314 303799 82.9710144927536


763651 1450044 82.9906542056075
764178 1450578 82.9906542056075


787592 1450044 82.9906542056075
788117 1450578 82.9906542056075


1450044 763651 82.9906542056075
1450578 764178 82.9906542056075


1450044 787592 82.9906542056075
1450578 788117 82.9906542056075


485369 1475633 82.9915560916767
486196 1476370 82.9915560916767


1475633 485369 82.9915560916767
1476370 486196 82.9915560916767


2594336 3175711 82.9978813559322
2596195 3177512 82.9978813559322


3175711 2594336 82.9978813559322
3177512 2596195 82.9978813559322


2722088 2793861 83.006993006993
2723510 2795273 83.006993006993


2793861 2722088 83.006993006993
2795273 2723510 83.006993006993


1125033 3092717 83.0075187969925
1125697 3093341 83.0075187969925


3092717 1125033 83.0075187969925
3093341 1125697 83.0075187969925


1373642 3175711 83.013844515442
1375491 3177512 83.013844515442


3175711 1373642 83.013844515442
3177512 1375491 83.013844515442


449931 581095 83.0188679245283
450301 581465 83.0188679245283


581095 449931 83.0188679245283
581465 450301 83.0188679245283


581550 786577 83.0200501253133
583122 788088 83.0200501253133


581550 762636 83.0200501253133
583122 764149 83.0200501253133


762636 581550 83.0200501253133
764149 583122 83.0200501253133


786577 581550 83.0200501253133
788088 583122 83.0200501253133


440888 3131147 83.030303030303
441502 3131802 83.030303030303


2322742 3131147 83.030303030303
2323356 3131802 83.030303030303


3131147 2322742 83.030303030303
3131802 2323356 83.030303030303


3131147 440888 83.030303030303
3131802 441502 83.030303030303


3175711 3260464 83.04
3177512 3262307 83.04


3260464 3175711 83.04
3262307 3177512 83.04


2693203 3013750 83.0415754923414
2694079 3014642 83.0415754923414


3013750 2693203 83.0415754923414
3014642 2694079 83.0415754923414


847258 2188991 83.0455259026688
847869 2189612 83.0455259026688


2188991 847258 83.0455259026688
2189612 847869 83.0455259026688


1450047 3129928 83.0540037243948
1450583 3130460 83.0540037243948


3129928 1450047 83.0540037243948
3130460 1450583 83.0540037243948


581186 2610952 83.0714647744551
583122 2612842 83.0714647744551


2610952 581186 83.0714647744551
2612842 583122 83.0714647744551


3013750 3131178 83.0721003134796
3014365 3131803 83.0721003134796


3131178 3013750 83.0721003134796
3131803 3014365 83.0721003134796


339925 588509 83.0732292917167
340726 589321 83.0732292917167


588509 339925 83.0732292917167
589321 340726 83.0732292917167


440888 2724233 83.0736842105263
443211 2726571 83.0736842105263


2724233 440888 83.0736842105263
2726571 443211 83.0736842105263


1235188 2932971 83.0825353397173
1237310 2935126 83.0825353397173


2932971 1235188 83.0825353397173
2935126 1237310 83.0825353397173


1282963 2693178 83.0835117773019
1283865 2694079 83.0835117773019


2693178 1282963 83.0835117773019
2694079 1283865 83.0835117773019


356834 2365157 83.0998248686515
357933 2366277 83.0998248686515


2365157 356834 83.0998248686515
2366277 357933 83.0998248686515


307166 847250 83.1007751937985
307795 847869 83.1007751937985


847250 307166 83.1007751937985
847869 307795 83.1007751937985


1282963 2724238 83.1009716941276
1285286 2726571 83.1009716941276


2724238 1282963 83.1009716941276
2726571 1285286 83.1009716941276


2693178 3211949 83.1016042780749
2694079 3212853 83.1016042780749


3211949 2693178 83.1016042780749
3212853 2694079 83.1016042780749


386289 1399720 83.1041257367387
387780 1401229 83.1041257367387


1399720 386289 83.1041257367387
1401229 387780 83.1041257367387


764875 3211949 83.1084727468969
766681 3213768 83.1084727468969


788813 3211949 83.1084727468969
790619 3213768 83.1084727468969


3211949 788813 83.1084727468969
3213768 790619 83.1084727468969


3211949 764875 83.1084727468969
3213768 766681 83.1084727468969


440888 2792942 83.1223628691983
443206 2795274 83.1223628691983


2792942 440888 83.1223628691983
2795274 443206 83.1223628691983


2630124 2693478 83.1230283911672
