#-- forward hits sorted by %sim
0 0 0
0 0 0


878951 878951 53.4798534798535
879223 879223 53.4798534798535


1198950 1198950 57.2327044025157
1199108 1199108 57.2327044025157


883813 883813 69.1943127962085
884023 884023 69.1943127962085


551198 551198 69.3548387096774
551321 551321 69.3548387096774


5237259 5274962 69.7211155378486
5237496 5275212 69.7211155378486


2435878 5120045 71.0982658959538
2436050 5120210 71.0982658959538


2568341 5120045 71.0982658959538
2568513 5120210 71.0982658959538


5120045 2435878 71.0982658959538
5120210 2436050 71.0982658959538


5120045 2568341 71.0982658959538
5120210 2568513 71.0982658959538


7522477 7522477 71.2962962962963
7522800 7522800 71.2962962962963


1221723 1221723 71.5867158671587
1221993 1221993 71.5867158671587


7382348 7382348 71.875
7382571 7382571 71.875


7110323 7110323 72.0588235294118
7110526 7110526 72.0588235294118


7253620 7253620 72.419627749577
7254210 7254210 72.419627749577


5459436 5459436 72.8070175438597
5459663 5459663 72.8070175438597


2321400 5120045 72.8323699421965
2321572 5120210 72.8323699421965


5120045 2321400 72.8323699421965
5120210 2321572 72.8323699421965


677360 692902 72.9357798165138
677714 693324 72.9357798165138


692902 677360 72.9357798165138
693324 677714 72.9357798165138


5061864 5061864 73.2673267326733
5062166 5062166 73.2673267326733


5237259 5237259 73.5294117647059
5237496 5237496 73.5294117647059


7877696 7877696 73.5849056603774
7877907 7877907 73.5849056603774


7191511 7191511 73.7864077669903
7191819 7191819 73.7864077669903


2473414 2785972 73.8351254480287
2473680 2786249 73.8351254480287


2516876 5120045 73.9884393063584
2517048 5120214 73.9884393063584


5120045 2516876 73.9884393063584
5120214 2517048 73.9884393063584


5021729 5278656 74.1538461538462
5022029 5278980 74.1538461538462


5278656 5021729 74.1538461538462
5278980 5022029 74.1538461538462


2473414 4622000 74.1935483870968
2473680 4622277 74.1935483870968


3087372 4740849 74.6203904555314
3087820 4741306 74.6203904555314


3087372 4672140 74.8373101952278
3087820 4672597 74.8373101952278


4979592 4740849 74.8373101952278
4980040 4741306 74.8373101952278


4979592 4672140 75.0542299349241
4980040 4672597 75.0542299349241


1664973 1664973 75.0798722044728
1665285 1665285 75.0798722044728


2566292 2566292 75.7009345794392
2566612 2566612 75.7009345794392


2339751 3424908 75.9109311740891
2340243 3425312 75.9109311740891


3424908 2339751 75.9109311740891
3425312 2340243 75.9109311740891


3000299 5313935 75.974025974026
3000759 5314308 75.974025974026


4887076 5313935 75.974025974026
4887537 5314308 75.974025974026


5313935 3000299 75.974025974026
5314308 3000759 75.974025974026


5313935 4887076 75.974025974026
5314308 4887537 75.974025974026


3000299 3424990 76.0259179265659
3000759 3425364 76.0259179265659


3424990 3000299 76.0259179265659
3425364 3000759 76.0259179265659


3424990 4887076 76.0259179265659
3425364 4887537 76.0259179265659


4887076 3424990 76.0259179265659
4887537 3425364 76.0259179265659


2334657 2613202 76.198347107438
2335260 2613764 76.198347107438


2613202 2334657 76.198347107438
2613764 2335260 76.198347107438


3425049 4516182 76.2096774193548
3425452 4516675 76.2096774193548


4516182 3425049 76.2096774193548
4516675 3425452 76.2096774193548


5112425 5120050 76.25
5112584 5120208 76.25


5120050 5112425 76.25
5120208 5112584 76.25


2339751 5313853 76.2677484787018
2340243 5314256 76.2677484787018


5313853 2339751 76.2677484787018
5314256 2340243 76.2677484787018


4516182 5313994 76.3636363636364
4516675 5314396 76.3636363636364


5313994 4516182 76.3636363636364
5314396 4516675 76.3636363636364


2621066 3425049 76.4112903225807
2621559 3425452 76.4112903225807


3425049 2621066 76.4112903225807
3425452 2621559 76.4112903225807


4747599 5021672 76.4705882352941
4747972 5022024 76.4705882352941


5021672 4747599 76.4705882352941
5022024 4747972 76.4705882352941


4507748 4640636 76.5294771968854
4508614 4641532 76.5294771968854


4640636 4507748 76.5294771968854
4641532 4508614 76.5294771968854


3715861 5561022 76.555023923445
3716064 5561229 76.555023923445


5561022 3715861 76.555023923445
5561229 3716064 76.555023923445


2621066 5313994 76.5656565656566
2621559 5314396 76.5656565656566


5313994 2621066 76.5656565656566
5314396 2621559 76.5656565656566


2161489 2170819 76.5957446808511
2161817 2171146 76.5957446808511


2170819 2161489 76.5957446808511
2171146 2161817 76.5957446808511


4743637 5037276 76.7160161507402
4744362 5037997 76.7160161507402


5037276 4743637 76.7160161507402
5037997 4744362 76.7160161507402


4674929 5037276 76.9541778975741
4675653 5037997 76.9541778975741


5037276 4674929 76.9541778975741
5037997 4675653 76.9541778975741


5561022 5627342 77.511961722488
5561229 5627545 77.511961722488


5627342 5561022 77.511961722488
5627545 5561229 77.511961722488


1945181 1945181 77.5401069518716
1945554 1945554 77.5401069518716


5072451 5120045 77.7777777777778
5072621 5120214 77.7777777777778


5120045 5072451 77.7777777777778
5120214 5072621 77.7777777777778


2612971 4532324 77.9510022271715
2613826 4533220 77.9510022271715


4532324 2612971 77.9510022271715
4533220 2613826 77.9510022271715


2306677 2613202 77.9735682819383
2307354 2613840 77.9735682819383


2613202 2306677 77.9735682819383
2613840 2307354 77.9735682819383


3683455 5595187 78
3683804 5595536 78


4138241 5041799 78
4138632 5042192 78


5041799 4138241 78
5042192 4138632 78


5595187 3683455 78
5595536 3683804 78


2613250 5037368 78.1102362204724
2613840 5037997 78.1102362204724


5037368 2613250 78.1102362204724
5037997 2613840 78.1102362204724


5555341 5555341 78.1609195402299
5555688 5555688 78.1609195402299


2613268 2785972 78.2820097244733
2613840 2786584 78.2820097244733


2613268 4622000 78.2820097244733
2613840 4622612 78.2820097244733


2785972 2613268 78.2820097244733
2786584 2613840 78.2820097244733


4622000 2613268 78.2820097244733
4622612 2613840 78.2820097244733


3683455 3683455 78.2857142857143
3683804 3683804 78.2857142857143


5595187 5595187 78.2857142857143
5595536 5595536 78.2857142857143


2117304 2117304 78.3180026281209
2118064 2118064 78.3180026281209


5021476 5037260 78.3928571428571
5022013 5037803 78.3928571428571


5037260 5021476 78.3928571428571
5037803 5022013 78.3928571428571


2336267 4622000 78.4090909090909
2336866 4622609 78.4090909090909


4622000 2336267 78.4090909090909
4622609 2336866 78.4090909090909


2508699 4268043 78.4543325526932
2509124 4268468 78.4543325526932


4268043 2508699 78.4543325526932
4268468 2509124 78.4543325526932


2635421 4702793 78.4580498866213
2636276 4703637 78.4580498866213


4702793 2635421 78.4580498866213
4703637 2636276 78.4580498866213


5041799 2256424 78.5
5042192 2256815 78.5


2612971 2662134 78.5077951002227
2613826 2663030 78.5077951002227


2662134 2612971 78.5077951002227
2663030 2613826 78.5077951002227


4328105 4521092 78.5227272727273
4328960 4521950 78.5227272727273


4521092 4328105 78.5227272727273
4521950 4328960 78.5227272727273


3087372 4641082 78.5398230088496
3087820 4641532 78.5398230088496


4641082 3087372 78.5398230088496
4641532 3087820 78.5398230088496


2336267 2785972 78.5714285714286
2336866 2786581 78.5714285714286


2785972 2336267 78.5714285714286
2786581 2336866 78.5714285714286


2794750 4622000 78.5714285714286
2795797 4622996 78.5714285714286


4622000 2794750 78.5714285714286
4622996 2795797 78.5714285714286


4622004 4743766 78.6296900489396
4622612 4744362 78.6296900489396


4743766 4622004 78.6296900489396
4744362 4622612 78.6296900489396


2386190 2508699 78.6885245901639
2386615 2509124 78.6885245901639


2508699 2386190 78.6885245901639
2509124 2386615 78.6885245901639


2334832 3399126 78.7037037037037
2335260 3399557 78.7037037037037


3399126 2334832 78.7037037037037
3399557 2335260 78.7037037037037


4487297 4521092 78.75
4488155 4521950 78.75


4521092 4487297 78.75
4521950 4488155 78.75


4641082 4979592 78.7610619469027
4641532 4980040 78.7610619469027


4979592 4641082 78.7610619469027
4980040 4641532 78.7610619469027


4622000 4701403 78.7677725118483
4622996 4702435 78.7677725118483


4701403 4622000 78.7677725118483
4702435 4622996 78.7677725118483


2334835 5278656 78.7878787878788
2335260 5279084 78.7878787878788


5278656 2334835 78.7878787878788
5279084 2335260 78.7878787878788


2785976 4743766 78.7928221859706
2786584 4744362 78.7928221859706


4622004 4675058 78.7928221859706
4622612 4675653 78.7928221859706


4675058 4622004 78.7928221859706
4675653 4622612 78.7928221859706


4743766 2785976 78.7928221859706
4744362 2786584 78.7928221859706


5120045 5120045 78.8235294117647
5120214 5120214 78.8235294117647


2785987 2794765 78.836987607245
2786975 2795797 78.836987607245


2794765 2785987 78.836987607245
2795797 2786975 78.836987607245


6440876 6458022 78.8732394366197
6441230 6458374 78.8732394366197


6458022 6440876 78.8732394366197
6458374 6441230 78.8732394366197


7348988 7348988 78.9137380191693
7349300 7349300 78.9137380191693


4621825 5021401 78.9147286821705
4622428 5022024 78.9147286821705


5021401 4621825 78.9147286821705
5022024 4622428 78.9147286821705


2635421 4642284 78.9293849658314
2636276 4643127 78.9293849658314


2635421 2796157 78.9293849658314
2636276 2797000 78.9293849658314


2796157 2635421 78.9293849658314
2797000 2636276 78.9293849658314


4642284 2635421 78.9293849658314
4643127 2636276 78.9293849658314


2785976 4675058 78.9559543230016
2786584 4675653 78.9559543230016


4675058 2785976 78.9559543230016
4675653 2786584 78.9559543230016


2785987 4701418 79.0384615384615
2786975 4702435 79.0384615384615


4701418 2785987 79.0384615384615
4702435 2786975 79.0384615384615


2785797 5021401 79.0697674418605
2786400 5022024 79.0697674418605


5021401 2785797 79.0697674418605
5022024 2786400 79.0697674418605


2386190 5083343 79.0748898678414
2386642 5083795 79.0748898678414


4268043 5083343 79.0748898678414
4268495 5083795 79.0748898678414


5083343 4268043 79.0748898678414
5083795 4268495 79.0748898678414


5083343 2386190 79.0748898678414
5083795 2386642 79.0748898678414


5041799 5077587 79.1044776119403
5042194 5077976 79.1044776119403


5077587 5041799 79.1044776119403
5077976 5042194 79.1044776119403


2794990 5024646 79.1208791208791
2795349 5024977 79.1208791208791


5024646 2794990 79.1208791208791
5024977 2795349 79.1208791208791


2548475 4521169 79.2029887920299
2549252 4521950 79.2029887920299


4521169 2548475 79.2029887920299
4521950 2549252 79.2029887920299


2612968 4740398 79.4279427942794
2613832 4741301 79.4279427942794


4740398 2612968 79.4279427942794
4741301 2613832 79.4279427942794


2635421 4487297 79.4754846066134
2636276 4488155 79.4754846066134


4487297 2635421 79.4754846066134
4488155 2636276 79.4754846066134


7171164 7187923 79.5221843003413
7171455 7188215 79.5221843003413


7187923 7171164 79.5221843003413
7188215 7171455 79.5221843003413


4289114 4743700 79.5287187039764
4289787 4744362 79.5287187039764


4743700 4289114 79.5287187039764
4744362 4289787 79.5287187039764


3399126 4326991 79.5336787564767
3399511 4327373 79.5336787564767


4326991 3399126 79.5336787564767
4327373 3399511 79.5336787564767


2612968 4671689 79.5379537953795
2613832 4672592 79.5379537953795


4671689 2612968 79.5379537953795
4672592 2613832 79.5379537953795


2336205 4289114 79.5555555555556
2336863 4289782 79.5555555555556


4289114 2336205 79.5555555555556
4289782 2336863 79.5555555555556


2397005 2612971 79.5652173913043
2397919 2613840 79.5652173913043


2612971 2397005 79.5652173913043
2613840 2397919 79.5652173913043


4326666 4621825 79.6610169491525
4327373 4622491 79.6610169491525


4621825 4326666 79.6610169491525
4622491 4327373 79.6610169491525


2537738 5041799 79.7368421052632
2538110 5042178 79.7368421052632


5041799 2537738 79.7368421052632
5042178 2538110 79.7368421052632


2612971 5162448 79.7592997811816
2613840 5163356 79.7592997811816


5162448 2612971 79.7592997811816
5163356 2613840 79.7592997811816


4326991 5278653 79.7927461139896
4327373 5279038 79.7927461139896


5278653 4326991 79.7927461139896
5279038 4327373 79.7927461139896


2612971 2736268 79.8024149286498
2613840 2737170 79.8024149286498


2612971 2712327 79.8024149286498
2613840 2713231 79.8024149286498


2712327 2612971 79.8024149286498
2713231 2613840 79.8024149286498


2736268 2612971 79.8024149286498
2737170 2613840 79.8024149286498


5401669 5410824 79.8165137614679
5401882 5411039 79.8165137614679


5410824 5401669 79.8165137614679
5411039 5401882 79.8165137614679


1166312 1166312 79.8270893371758
1166658 1166658 79.8270893371758


2612971 3233461 79.8687089715536
2613840 3234368 79.8687089715536


3233461 2612971 79.8687089715536
3234368 2613840 79.8687089715536


1935914 1935914 79.9031476997579
1936326 1936326 79.9031476997579


2612971 4561020 79.9121844127333
2613840 4561924 79.9121844127333


4561020 2612971 79.9121844127333
4561924 2613840 79.9121844127333


2612971 3349415 79.9338478500551
2613832 3350311 79.9338478500551


3349415 2612971 79.9338478500551
3350311 2613832 79.9338478500551


2531543 4622004 79.9410029498525
2532204 4622612 79.9410029498525


2531543 2785976 79.9410029498525
2532204 2786584 79.9410029498525


2785976 2531543 79.9410029498525
2786584 2532204 79.9410029498525


4289114 4674992 79.9410029498525
4289787 4675653 79.9410029498525


4622004 2531543 79.9410029498525
4622612 2532204 79.9410029498525


4674992 4289114 79.9410029498525
4675653 4289787 79.9410029498525


2785797 4326666 79.9435028248588
2786463 4327373 79.9435028248588


4326666 2785797 79.9435028248588
4327373 2786463 79.9435028248588


2612972 4701108 79.9552071668533
2613832 4701992 79.9552071668533


4701108 2612972 79.9552071668533
4701992 2613832 79.9552071668533


2306743 4622000 79.9627213420317
2307808 4622999 79.9627213420317


4622000 2306743 79.9627213420317
4622999 2307808 79.9627213420317


2613206 4289114 79.9705449189985
2613840 4289787 79.9705449189985


4289114 2613206 79.9705449189985
4289787 2613840 79.9705449189985


2306743 2785972 80.1491146318732
2307808 2786978 80.1491146318732


2785972 2306743 80.1491146318732
2786978 2307808 80.1491146318732


2612972 2794454 80.1791713325868
2613832 2795344 80.1791713325868


2794454 2612972 80.1791713325868
2795344 2613832 80.1791713325868


2170819 2170819 80.1829268292683
2171146 2171146 80.1829268292683


4679139 4964843 80.1923076923077
4679592 4965355 80.1923076923077


4964843 4679139 80.1923076923077
4965355 4679592 80.1923076923077


2430475 2612971 80.1969365426696
2431383 2613840 80.1969365426696


2612971 2430475 80.1969365426696
2613840 2431383 80.1969365426696


7078372 7078372 80.2352941176471
7078796 7078796 80.2352941176471


2334537 4621825 80.3030303030303
2335260 4622537 80.3030303030303


4621825 2334537 80.3030303030303
4622537 2335260 80.3030303030303


895064 895656 80.4395604395604
895515 896099 80.4395604395604


895656 895064 80.4395604395604
896099 895515 80.4395604395604


2334537 2785797 80.4407713498623
2335260 2786509 80.4407713498623


2785797 2334537 80.4407713498623
2786509 2335260 80.4407713498623


1873711 2620622 80.4494382022472
1874152 2621063 80.4494382022472


2620622 1873711 80.4494382022472
2621063 1874152 80.4494382022472


1869431 2620622 80.607476635514
1869855 2621046 80.607476635514


2620622 1869431 80.607476635514
2621046 1869855 80.607476635514


2335513 5078127 80.6474820143885
2336862 5079503 80.6474820143885


5078127 2335513 80.6916426512968
5079503 2336862 80.6916426512968


2795040 4679139 80.7321772639692
2795555 4679592 80.7321772639692


4679139 2795040 80.7321772639692
4679592 2795555 80.7321772639692


2389974 4702769 80.7486631016043
2390862 4703671 80.7486631016043


4702769 2389974 80.7486631016043
4703671 2390862 80.7486631016043


2531477 4289114 80.7795698924731
2532204 4289787 80.7795698924731


4289114 2531477 80.7795698924731
4289787 2532204 80.7795698924731


7515470 7515470 80.7962529274005
7515896 7515896 80.7962529274005


2397363 4678893 80.8238636363636
2398065 4679592 80.8238636363636


4678893 2397363 80.8238636363636
4679592 2398065 80.8238636363636


7080977 7153621 80.8823529411765
7081248 7153890 80.8823529411765


7153621 7080977 80.8823529411765
7153890 7081248 80.8823529411765


4271828 4702769 80.9625668449198
4272716 4703671 80.9625668449198


4702769 4271828 80.9625668449198
4703671 4272716 80.9625668449198


4314975 5037276 81
4315359 5037658 81


5037276 4314975 81
5037658 4315359 81


4050084 5966339 81.0869565217391
4050543 5966798 81.0869565217391


5966339 4050084 81.0869565217391
5966798 4050543 81.0869565217391


2335336 4563443 81.1149032992036
2337072 4565161 81.1149032992036


4563443 2335336 81.1149032992036
4565161 2337072 81.1149032992036


5041802 2754533 81.123595505618
5043079 2755854 81.123595505618


5041799 4579295 81.1659192825112
5043079 4580619 81.1659192825112


2389974 2796132 81.2231759656652
2390862 2797034 81.2231759656652


2796132 2389974 81.2231759656652
2797034 2390862 81.2231759656652


4532481 5037261 81.2415654520918
4533220 5037985 81.2415654520918


5037261 4532481 81.2415654520918
5037985 4533220 81.2415654520918


4289114 5021555 81.25
4289593 5022013 81.25


5021555 4289114 81.25
5022013 4289593 81.25


3072646 4679139 81.3229571984436
3073152 4679592 81.3229571984436


4679139 3072646 81.3229571984436
4679592 3073152 81.3229571984436


4289231 4678893 81.3390313390313
4289931 4679592 81.3390313390313


4678893 4289231 81.3390313390313
4679592 4289931 81.3390313390313


2662540 3399126 81.3765182186235
2663030 3399619 81.3765182186235


3399126 2662540 81.3765182186235
3399619 2663030 81.3765182186235


3399126 4532730 81.3765182186235
3399619 4533220 81.3765182186235


4532730 3399126 81.3765182186235
4533220 3399619 81.3765182186235


2796132 4271828 81.4377682403433
2797034 4272716 81.4377682403433


4271828 2796132 81.4377682403433
4272716 2797034 81.4377682403433


2335375 2735659 81.437908496732
2336863 2737165 81.437908496732


2335375 2711718 81.437908496732
2336863 2713226 81.437908496732


2711718 2335375 81.437908496732
2713226 2336863 81.437908496732


2735659 2335375 81.437908496732
2737165 2336863 81.437908496732


2754436 4521353 81.438127090301
2755032 4521950 81.438127090301


4521353 2754436 81.438127090301
4521950 2755032 81.438127090301


2389974 4642259 81.445523193096
2390862 4643161 81.445523193096


4642259 2389974 81.445523193096
4643161 2390862 81.445523193096


2530179 5036654 81.4625850340136
2530753 5037233 81.4625850340136


5036654 2530179 81.4625850340136
5037233 2530753 81.4625850340136


2589607 5041799 81.4648729446936
2590933 5043079 81.4648729446936


4484578 5041799 81.4648729446936
4485901 5043079 81.4648729446936


5041799 2589607 81.4648729446936
5043079 2590933 81.4648729446936


5041799 4484578 81.4648729446936
5043079 4485901 81.4648729446936


6511544 6511544 81.4814814814815
6511867 6511867 81.4814814814815


3424715 5249578 81.4993954050786
3425452 5250394 81.4993954050786


5249578 3424715 81.4993954050786
5250394 3425452 81.4993954050786


2699041 4521092 81.5043156596794
2699848 4521895 81.5043156596794


4521092 2699041 81.5043156596794
4521895 2699848 81.5043156596794


4679139 4701692 81.532416502947
4679592 4702193 81.532416502947


4701692 4679139 81.532416502947
4702193 4679592 81.532416502947


4739879 2335463 81.5331010452962
4741301 2336862 81.5331010452962


2386264 3066912 81.5347721822542
2387085 3067744 81.5347721822542


3066912 2386264 81.5347721822542
3067744 2387085 81.5347721822542


2335463 4739879 81.5459610027855
2336862 4741301 81.5459610027855


4326757 5037276 81.5533980582524
4327373 5037877 81.5533980582524


5037276 4326757 81.5533980582524
5037877 4327373 81.5533980582524


2662540 5278653 81.5789473684211
2663030 5279146 81.5789473684211


4532730 5278653 81.5789473684211
4533220 5279146 81.5789473684211


5278653 4532730 81.5789473684211
5279146 4533220 81.5789473684211


5278653 2662540 81.5789473684211
5279146 2663030 81.5789473684211


2306852 5278653 81.6247582205029
2307365 5279169 81.6247582205029


5278653 2306852 81.6247582205029
5279169 2307365 81.6247582205029


2662291 5037261 81.6464237516869
2663030 5037985 81.6464237516869


5037261 2662291 81.6464237516869
5037985 2663030 81.6464237516869


2334705 5037368 81.6546762589928
2335260 5037923 81.6546762589928


5037368 2334705 81.6546762589928
5037923 2335260 81.6546762589928


3071322 4776932 81.6585956416465
3072950 4778541 81.6585956416465


4776932 3071322 81.6585956416465
4778541 3072950 81.6585956416465


4776932 4963519 81.6585956416465
4778541 4965147 81.6585956416465


4963519 4776932 81.6585956416465
4965147 4778541 81.6585956416465


4271828 4642259 81.6612729234088
4272716 4643161 81.6612729234088


4642259 4271828 81.6612729234088
4643161 4272716 81.6612729234088


2020092 2020092 81.6753926701571
2020282 2020282 81.6753926701571


1702207 1719366 81.712962962963
1702638 1719738 81.712962962963


1719366 1702207 81.712962962963
1719738 1702638 81.712962962963


5249578 5313660 81.7412333736397
5250394 5314396 81.7412333736397


5313660 5249578 81.7412333736397
5314396 5250394 81.7412333736397


4671170 2335463 81.7421602787456
4672592 2336862 81.7421602787456


2335463 4671170 81.7548746518106
2336862 4672592 81.7548746518106


4521353 4579201 81.7725752508361
4521950 4579797 81.7725752508361


4579201 4521353 81.7725752508361
4579797 4521950 81.7725752508361


2592297 5077187 81.7876344086021
2593761 5078602 81.7876344086021


5077187 2592297 81.7876344086021
5078602 2593761 81.7876344086021


4830843 5041799 81.8797629127858
4832011 5042922 81.8797629127858


5041799 4830843 81.8797629127858
5042922 4832011 81.8797629127858


3066912 4268117 81.89448441247
3067744 4268939 81.89448441247


4268117 3066912 81.89448441247
4268939 3067744 81.89448441247


4612102 5041799 81.8965517241379
4613134 5042790 81.8965517241379


5041799 4612102 81.8965517241379
5042790 4613134 81.8965517241379


2714167 4138073 81.9047619047619
2714765 4138694 81.9047619047619


2738105 4138073 81.9047619047619
2738703 4138694 81.9047619047619


4138073 2738105 81.9047619047619
4138694 2738703 81.9047619047619


4138073 4562892 81.9047619047619
4138694 4563490 81.9047619047619


4138073 2714167 81.9047619047619
4138694 2714765 81.9047619047619


4562892 4138073 81.9047619047619
4563490 4138694 81.9047619047619


2429416 5041799 81.9268110530247
2430742 5043079 81.9268110530247


5041799 2429416 81.9268110530247
5043079 2430742 81.9268110530247


4518817 5033225 81.9383259911894
4519043 5033446 81.9383259911894


5033225 4518817 81.9383259911894
5033446 4519043 81.9383259911894


7759598 7759598 81.9571865443425
7759924 7759924 81.9571865443425


3189545 3424715 81.9612590799031
3190356 3425452 81.9612590799031


3424715 3189545 81.9612590799031
3425452 3190356 81.9612590799031


2944256 5041799 81.9644369178662
2945425 5042922 81.9644369178662


5041799 2944256 81.9644369178662
5042922 2945425 81.9644369178662


4487247 5077187 82.0013431833445
4488714 5078602 82.0013431833445


5077187 4487247 82.0013431833445
5078602 4488714 82.0013431833445


4325527 5041799 82.0014936519791
4326852 5043079 82.0014936519791


5041799 4325527 82.0014936519791
5043079 4326852 82.0014936519791


2716261 3424715 82.0048309178744
2717085 3425452 82.0048309178744


2740199 3424715 82.0048309178744
2741023 3425452 82.0048309178744


3424715 2740199 82.0048309178744
3425452 2741023 82.0048309178744


3424715 2716261 82.0048309178744
3425452 2717085 82.0048309178744


2306852 3399126 82.037037037037
2307388 3399665 82.037037037037


3399126 2306852 82.037037037037
3399665 2307388 82.037037037037


5041805 5128196 82.0610687022901
5042066 5128457 82.0610687022901


5128196 5041805 82.0610687022901
5128457 5042066 82.0610687022901


3399129 5126583 82.0702402957486
3399665 5127116 82.0702402957486


5126583 3399129 82.0702402957486
5127116 3399665 82.0702402957486


4138073 5244343 82.0710973724884
4138694 5244949 82.0710973724884


5244343 4138073 82.0710973724884
5244949 4138694 82.0710973724884


3351284 4138073 82.0872274143302
3351897 4138694 82.0872274143302


4138073 3351284 82.0872274143302
4138694 3351897 82.0872274143302


2635679 2754436 82.1070234113712
2636276 2755032 82.1070234113712


2754436 2635679 82.1070234113712
2755032 2636276 82.1070234113712


2662215 4621825 82.1078431372549
2663030 4622599 82.1078431372549


4621825 2662215 82.1078431372549
4622599 2663030 82.1078431372549


2256248 2738097 82.1316614420063
2256877 2738703 82.1316614420063


2256248 4562884 82.1316614420063
2256877 4563490 82.1316614420063


2256248 2714159 82.1316614420063
2256877 2714765 82.1316614420063


2714159 2256248 82.1316614420063
2714765 2256877 82.1316614420063


2738097 2256248 82.1316614420063
2738703 2256877 82.1316614420063


4562884 2256248 82.1316614420063
4563490 2256877 82.1316614420063


4702794 4962832 82.1350762527233
4703671 4963724 82.1350762527233


4962832 4702794 82.1350762527233
4963724 4703671 82.1350762527233


2776074 5041799 82.183908045977
2777106 5042790 82.183908045977


5041799 2776074 82.183908045977
5042790 2777106 82.183908045977


2335336 5023459 82.1855435401252
2337072 5025180 82.1855435401252


5023459 2335336 82.1855435401252
5025180 2337072 82.1855435401252


3189545 5313660 82.2033898305085
3190356 5314396 82.2033898305085


5313660 3189545 82.2033898305085
5314396 3190356 82.2033898305085


4882053 5124963 82.2060826146164
4884208 5127082 82.2060826146164


5124963 4882053 82.2060826146164
5127082 4884208 82.2060826146164


1821406 1821406 82.2222222222222
1821855 1821855 82.2222222222222


2662215 2785797 82.2303921568627
2663030 2786571 82.2303921568627


2785797 2662215 82.2303921568627
2786571 2663030 82.2303921568627


3288742 3399126 82.2429906542056
3289263 3399660 82.2429906542056


3399126 3288742 82.2429906542056
3399660 3289263 82.2429906542056


306833 306833 82.2454308093995
307598 307598 82.2454308093995


3424715 4564964 82.2463768115942
3425452 4565788 82.2463768115942


4564964 3424715 82.2463768115942
4565788 3425452 82.2463768115942


3290209 4138073 82.2530864197531
3290835 4138694 82.2530864197531


4138073 3290209 82.2530864197531
4138694 3290835 82.2530864197531


2335428 4531766 82.2845417236662
2336856 4533220 82.2845417236662


4531766 2335428 82.2845417236662
4533220 2336856 82.2845417236662


2335336 2738656 82.2892938496583
2337072 2740396 82.2892938496583


2335336 2714718 82.2892938496583
2337072 2716458 82.2892938496583


2714718 2335336 82.2892938496583
2716458 2337072 82.2892938496583


2738656 2335336 82.2892938496583
2740396 2337072 82.2892938496583


2256248 3351276 82.3076923076923
2256877 3351897 82.3076923076923


3351276 2256248 82.3076923076923
3351897 2256877 82.3076923076923


2256248 3290201 82.3170731707317
2256877 3290835 82.3170731707317


3290201 2256248 82.3170731707317
3290835 2256877 82.3170731707317


4883486 5037276 82.3211875843455
4884208 5037997 82.3211875843455


5037276 4883486 82.3211875843455
5037997 4884208 82.3211875843455


2335336 4328864 82.3562891291975
2337072 4330613 82.3562891291975


4328864 2335336 82.3562891291975
4330613 2337072 82.3562891291975


2386264 4956556 82.3741007194245
2387085 4957388 82.3741007194245


4956556 2386264 82.3741007194245
4957388 2387085 82.3741007194245


2530268 3232494 82.3768410360589
2532204 3234368 82.3768410360589


3232494 2530268 82.3768410360589
3234368 2532204 82.3768410360589


2633147 5033225 82.3788546255507
2633373 5033446 82.3788546255507


5033225 2633147 82.3788546255507
5033446 2633373 82.3788546255507


2321361 4518834 82.3809523809524
2321570 4519043 82.3809523809524


2321361 2633164 82.3809523809524
2321570 2633373 82.3809523809524


2633164 2321361 82.3809523809524
2633373 2321570 82.3809523809524


4518834 2321361 82.3809523809524
4519043 2321570 82.3809523809524


2335339 2429826 82.4281150159744
2336863 2431378 82.4281150159744


2429826 2335339 82.4281150159744
2431378 2336863 82.4281150159744


2161489 2161489 82.4324324324324
2161858 2161858 82.4324324324324


3322935 4138073 82.4345146379045
3323565 4138694 82.4345146379045


4138073 3322935 82.4345146379045
4138694 3323565 82.4345146379045


2386190 4555908 82.4414715719064
2386786 4556504 82.4414715719064


2386190 2695295 82.4414715719064
2386786 2695891 82.4414715719064


2635679 4579201 82.4414715719064
2636276 4579797 82.4414715719064


2695295 2386190 82.4414715719064
2695891 2386786 82.4414715719064


4555908 2386190 82.4414715719064
4556504 2386786 82.4414715719064


4579201 2635679 82.4414715719064
4579797 2636276 82.4414715719064


3187508 5041805 82.4427480916031
3187768 5042066 82.4427480916031


5041805 3187508 82.4427480916031
5042066 3187768 82.4427480916031


5041805 5080625 82.4427480916031
5042066 5080885 82.4427480916031


5080625 5041805 82.4427480916031
5080885 5042066 82.4427480916031


2716261 5313660 82.4667472793228
2717085 5314396 82.4667472793228


2740199 5313660 82.4667472793228
2741023 5314396 82.4667472793228


5313660 2740199 82.4667472793228
5314396 2741023 82.4667472793228


5313660 2716261 82.4667472793228
5314396 2717085 82.4667472793228


2796158 3070635 82.4945295404814
2797034 3071527 82.4945295404814


3070635 2796158 82.4945295404814
3071527 2797034 82.4945295404814


2256248 3322927 82.4961948249619
2256877 3323565 82.4961948249619


3322927 2256248 82.4961948249619
3323565 2256877 82.4961948249619


3070635 3187143 82.5
3071250 3187768 82.5


3187143 3070635 82.5
3187768 3071250 82.5


2389970 3187113 82.5037707390648
2390584 3187767 82.5037707390648


3187113 2389970 82.5037707390648
3187767 2390584 82.5037707390648


3187113 4271824 82.5037707390648
3187767 4272438 82.5037707390648


4271824 3187113 82.5037707390648
4272438 3187767 82.5037707390648


2335342 4963600 82.5112107623318
2336863 4965142 82.5112107623318


4963600 2335342 82.5112107623318
4965142 2336863 82.5112107623318


2335336 2432897 82.5270347182698
2337072 2434648 82.5270347182698


2432897 2335336 82.5270347182698
2434648 2337072 82.5270347182698


2303241 4790604 82.5503355704698
2303389 4790752 82.5503355704698


2634374 4790604 82.5503355704698
2634520 4790752 82.5503355704698


3385498 4790604 82.5503355704698
3385642 4790752 82.5503355704698


4520044 4790604 82.5503355704698
4520192 4790752 82.5503355704698


4790604 2303241 82.5503355704698
4790752 2303389 82.5503355704698


4790604 4520044 82.5503355704698
4790752 4520192 82.5503355704698


4790604 2634374 82.5503355704698
4790752 2634520 82.5503355704698


4790604 3385498 82.5503355704698
4790752 3385642 82.5503355704698


3185894 3399129 82.5602968460111
3186427 3399665 82.5602968460111


3399129 3185894 82.5602968460111
3399665 3186427 82.5602968460111


3353377 3424715 82.5665859564165
3354196 3425452 82.5665859564165


3424716 5130237 82.5665859564165
3425452 5131056 82.5665859564165


3424715 3353377 82.5665859564165
3425452 3354196 82.5665859564165


5130237 3424716 82.5665859564165
5131056 3425452 82.5665859564165


2530268 5161482 82.5799898425597
2532204 5163356 82.5799898425597


5161482 2530268 82.5799898425597
5163356 2532204 82.5799898425597


2256248 5244335 82.5954198473282
2256877 5244949 82.5954198473282


5244335 2256248 82.5954198473282
5244949 2256877 82.5954198473282


3070635 5080260 82.601880877743
3071250 5080885 82.601880877743


5080260 3070635 82.601880877743
5080885 3071250 82.601880877743


2530177 3187488 82.6241134751773
2530458 3187768 82.6241134751773


2530177 5128176 82.6241134751773
2530458 5128457 82.6241134751773


2530177 5080605 82.6241134751773
2530458 5080885 82.6241134751773


3187488 2530177 82.6241134751773
3187768 2530458 82.6241134751773


5080605 2530177 82.6241134751773
5080885 2530458 82.6241134751773


5128176 2530177 82.6241134751773
5128457 2530458 82.6241134751773


5906763 5906763 82.6285714285714
5907637 5907637 82.6285714285714


2252054 3424715 82.6296743063932
2252881 3425452 82.6296743063932


3424715 4124321 82.6296743063932
3425452 4125148 82.6296743063932


3424715 2252054 82.6296743063932
3425452 2252881 82.6296743063932


3424715 4744368 82.6296743063932
3425452 4745194 82.6296743063932


4124321 3424715 82.6296743063932
4125148 3425452 82.6296743063932


4744368 3424715 82.6296743063932
4745194 3425452 82.6296743063932


2389970 4290503 82.6490066225166
2390674 4291248 82.6490066225166


4290503 2389970 82.6490066225166
4291248 2390674 82.6490066225166


2530179 2944244 82.6550387596899
2532204 2946222 82.6550387596899


2944244 2530179 82.6550387596899
2946222 2532204 82.6550387596899


4138073 4702975 82.65625
4138694 4703588 82.65625


4702975 4138073 82.65625
4703588 4138694 82.65625


2389970 4562677 82.6881720430108
2391786 4564465 82.6881720430108


4562677 2389970 82.6881720430108
4564465 2391786 82.6881720430108


4882054 5020061 82.7048768225239
4884016 5022013 82.7048768225239


5020061 4882054 82.7048768225239
5022013 4884016 82.7048768225239


4564964 5313660 82.7085852478839
4565788 5314396 82.7085852478839


5313660 4564964 82.7085852478839
5314396 4565788 82.7085852478839


2796158 4962832 82.7133479212254
2797034 4963724 82.7133479212254


4962832 2796158 82.7133479212254
4963724 2797034 82.7133479212254


2256248 4702967 82.7160493827161
2256877 4703588 82.7160493827161


4702967 2256248 82.7160493827161
4703588 2256877 82.7160493827161


3292322 3424715 82.7250608272506
3293134 3425452 82.7250608272506


3424715 3292322 82.7250608272506
3425452 3293134 82.7250608272506


2633147 2695891 82.7272727272727
2633366 2696110 82.7272727272727


2695891 4518817 82.7272727272727
2696110 4519036 82.7272727272727


2695891 2633147 82.7272727272727
2696110 2633366 82.7272727272727


4518817 2695891 82.7272727272727
4519036 2696110 82.7272727272727


4744368 5313660 82.7294685990338
4745194 5314396 82.7294685990338


5313660 4744368 82.7294685990338
5314396 4745194 82.7294685990338


4268117 4956556 82.7338129496403
4268939 4957388 82.7338129496403


4956556 4268117 82.7338129496403
4957388 4268939 82.7338129496403


3399126 4561426 82.7392120075047
3399658 4561951 82.7392120075047


4561426 3399126 82.7392120075047
4561951 3399658 82.7392120075047


3424715 4675659 82.7503015681544
3425452 4676485 82.7503015681544


4675659 3424715 82.7503015681544
4676485 3425452 82.7503015681544


3292322 5313660 82.7669902912621
3293134 5314396 82.7669902912621


5313660 3292322 82.7669902912621
5314396 3293134 82.7669902912621


3399126 4672097 82.7777777777778
3399665 4672631 82.7777777777778


4672097 3399126 82.7777777777778
4672631 3399665 82.7777777777778


4739879 4742943 82.7972027972028
4741301 4744355 82.7972027972028


4742943 4739879 82.7972027972028
4744355 4741301 82.7972027972028


2673228 5124793 82.8049435787211
2675060 5126567 82.8049435787211


5124793 2673228 82.8049435787211
5126567 2675060 82.8049435787211


2633147 4556504 82.8054298642534
2633367 4556724 82.8054298642534


4518817 4556504 82.8054298642534
4519037 4556724 82.8054298642534


4556504 2633147 82.8054298642534
4556724 2633367 82.8054298642534


4556504 4518817 82.8054298642534
4556724 4519037 82.8054298642534


3187143 4962832 82.8125
3187768 4963447 82.8125


4962832 3187143 82.8125
4963447 3187768 82.8125


3070635 4642285 82.8227571115974
3071527 4643161 82.8227571115974


4642285 3070635 82.8227571115974
4643161 3071527 82.8227571115974


4138073 4521279 82.8250401284109
4138694 4521901 82.8250401284109


4521279 4138073 82.8250401284109
4521901 4138694 82.8250401284109


2335342 3071403 82.8315182575272
2336863 3072945 82.8315182575272


3071403 2335342 82.8315182575272
3072945 2336863 82.8315182575272


2335428 2661576 82.8317373461012
2336856 2663030 82.8317373461012


2661576 2335428 82.8317373461012
2663030 2336856 82.8317373461012


2256277 2289007 82.843137254902
2256877 2289605 82.843137254902


2289007 2256277 82.843137254902
2289605 2256877 82.843137254902


4675659 5313660 82.8502415458937
4676485 5314396 82.8502415458937


5313660 4675659 82.8502415458937
5314396 4676485 82.8502415458937


2699144 4702888 82.8729281767956
2699848 4703582 82.8729281767956


4702888 2699144 82.8729281767956
4703582 2699848 82.8729281767956


4963187 5041799 82.8849028400598
4964513 5043079 82.8849028400598


5041799 4963187 82.8849028400598
5043079 4964513 82.8849028400598


4138073 4642467 82.8885400313972
4138694 4643078 82.8885400313972


4642467 4138073 82.8885400313972
4643078 4138694 82.8885400313972


5124793 5247265 82.8891257995736
5126594 5249107 82.8891257995736


5247265 5124793 82.8891257995736
5249107 5126594 82.8891257995736


4271824 4562677 82.9032258064516
4273640 4564465 82.9032258064516


4562677 4271824 82.9032258064516
4564465 4273640 82.9032258064516


2291105 3424715 82.9090909090909
2291928 3425452 82.9090909090909


3424715 2291105 82.9090909090909
3425452 2291928 82.9090909090909


2256248 4521270 82.9113924050633
2256877 4521901 82.9113924050633


4521270 2256248 82.9113924050633
4521901 2256877 82.9113924050633


5127831 3070635 82.9153605015674
5128457 3071250 82.9153605015674


4138073 5209756 82.9192546583851
4138694 5210381 82.9192546583851


4138073 5247475 82.9192546583851
4138694 5248100 82.9192546583851


5209756 4138073 82.9192546583851
5210381 4138694 82.9192546583851


5247475 4138073 82.9192546583851
5248100 4138694 82.9192546583851


2305832 2335339 82.9248366013072
2307013 2336526 82.9248366013072


2335339 2305832 82.9248366013072
2336526 2307013 82.9248366013072


894518 895656 82.9268292682927
894843 895971 82.9268292682927


895656 894518 82.9268292682927
895971 894843 82.9268292682927


4674235 4739879 82.9387186629527
4675653 4741306 82.9387186629527


4739879 4674235 82.9387186629527
4741306 4675653 82.9387186629527


3289998 5124793 82.9424307036247
3291843 5126594 82.9424307036247


5124793 3289998 82.9424307036247
5126594 3291843 82.9424307036247


2695295 4268043 82.943143812709
2695891 4268639 82.943143812709


4268043 4555908 82.943143812709
4268639 4556504 82.943143812709


4268043 2695295 82.943143812709
4268639 2695891 82.943143812709


4555908 4268043 82.943143812709
4556504 4268639 82.943143812709


2256248 4642459 82.9457364341085
2256877 4643078 82.9457364341085


4642459 2256248 82.9457364341085
4643078 2256877 82.9457364341085


2634638 3395747 82.9573934837093
2635036 3396144 82.9573934837093


3395747 2634638 82.9573934837093
3396144 2635036 82.9573934837093


3395747 4520310 82.9573934837093
3396144 4520708 82.9573934837093


4520310 3395747 82.9573934837093
4520708 3396144 82.9573934837093


2699145 4758773 82.9581993569132
2699729 4759386 82.9581993569132


4758773 2699145 82.9581993569132
4759386 2699729 82.9581993569132


3349818 3399126 82.962962962963
3350350 3399665 82.962962962963


3399126 3349818 82.962962962963
3399665 3350350 82.962962962963


3399126 4740806 82.962962962963
3399665 4741340 82.962962962963


4740806 3399126 82.962962962963
4741340 3399665 82.962962962963


3351074 5124793 82.9673272629888
3352898 5126594 82.9673272629888


5124793 3351074 82.9673272629888
5126594 3352898 82.9673272629888


2252054 5313660 82.9710144927536
2252881 5314396 82.9710144927536


4124321 5313660 82.9710144927536
4125148 5314396 82.9710144927536


5313660 2252054 82.9710144927536
5314396 2252881 82.9710144927536


5313660 4124321 82.9710144927536
5314396 4125148 82.9710144927536


2712733 3399126 82.9906542056075
2713260 3399660 82.9906542056075


2736674 3399126 82.9906542056075
2737199 3399660 82.9906542056075


3399126 2712733 82.9906542056075
3399660 2713260 82.9906542056075


3399126 2736674 82.9906542056075
3399660 2737199 82.9906542056075


2434451 3424715 82.9915560916767
2435278 3425452 82.9915560916767


3424715 2434451 82.9915560916767
3425452 2435278 82.9915560916767


7697153 7697153 82.994923857868
7697546 7697546 82.994923857868


4543418 5124793 82.9978813559322
4545277 5126594 82.9978813559322


