#-- reverse hits sorted by %sim
0 0 0
0 0 0


6205173 7055317 65.8333333333333
6205412 7055078 65.8333333333333


7055078 6205412 65.8333333333333
7055317 6205173 65.8333333333333


6205163 7071883 66.4
6205412 7071634 66.4


7071634 6205412 66.4
7071883 6205163 66.4


3961167 4073248 76.8456375838926
3961459 4072962 76.8456375838926


4072962 3961459 76.8456375838926
4073248 3961167 76.8456375838926


4072962 5884888 76.8456375838926
4073248 5884596 76.8456375838926


5884596 4073248 76.8456375838926
5884888 4072962 76.8456375838926


2161491 2185934 77.0642201834862
2161817 2185609 77.0642201834862


2185609 2161817 77.0642201834862
2185934 2161491 77.0642201834862


5996907 3961463 77.4509803921569
5997202 3961162 77.4509803921569


5996907 5884892 77.4509803921569
5997202 5884591 77.4509803921569


3961162 5997202 77.5244299674267
3961463 5996907 77.5244299674267


5884591 5997202 77.5244299674267
5884892 5996907 77.5244299674267


2170821 2185934 77.6073619631902
2171146 2185609 77.6073619631902


2185609 2171146 77.6073619631902
2185934 2170821 77.6073619631902


4082790 3961463 77.7777777777778
4083085 3961162 77.7777777777778


4082790 5884892 77.7777777777778
4083085 5884591 77.7777777777778


3961162 4083085 77.8501628664495
3961463 4082790 77.8501628664495


5884591 4083085 77.8501628664495
5884892 4082790 77.8501628664495


1477506 5402715 79.746835443038
1477735 5402495 79.746835443038


5402495 1477735 79.746835443038
5402715 1477506 79.746835443038


5918094 6371892 84.6270928462709
5918737 6371236 84.6270928462709


6371236 5918737 84.6270928462709
6371892 5918094 84.6270928462709


1628738 4511475 84.6733668341708
1629110 4511080 84.6733668341708


4511080 1629110 84.6733668341708
4511475 1628738 84.6733668341708


1237267 3887609 85.2090032154341
1237575 3887300 85.2090032154341


3887300 1237575 85.2090032154341
3887609 1237267 85.2090032154341


890929 6371890 85.5654761904762
891588 6371219 85.5654761904762


6371219 891588 85.5654761904762
6371890 890929 85.5654761904762


1770694 7075503 85.7868020304569
1770890 7075307 85.7868020304569


7075307 1770890 85.7868020304569
7075503 1770694 85.7868020304569


890910 3086725 86.8593955321945
891662 3085968 86.8593955321945


3085968 891662 86.8593955321945
3086725 890910 86.8593955321945


108994 260284 87.0422535211268
109338 259930 87.0422535211268


259930 109338 87.0422535211268
260284 108994 87.0422535211268


890900 4978955 87.15953307393
891662 4978188 87.15953307393


4978188 891662 87.15953307393
4978955 890900 87.15953307393


3085968 5918832 87.2368421052632
3086725 5918077 87.2368421052632


5918077 3086725 87.2368421052632
5918832 3085968 87.2368421052632


1628698 1874154 87.4141876430206
1629110 1873718 87.4141876430206


1873718 1629110 87.4141876430206
1874154 1628698 87.4141876430206


373320 6768829 87.5
373494 6768656 87.5


6768656 373494 87.5
6768829 373320 87.5


1628717 1869854 87.5299760191847
1629110 1869438 87.5299760191847


1869438 1629110 87.5299760191847
1869854 1628717 87.5299760191847


4978188 5918832 87.7444589308996
4978952 5918070 87.7444589308996


5918070 4978952 87.7444589308996
5918832 4978188 87.7444589308996


1477512 2185797 87.9310344827586
1477684 2185624 87.9310344827586


2185624 1477684 87.9310344827586
2185797 1477512 87.9310344827586


110592 259398 88.0102040816327
110975 259013 88.0102040816327


259013 110975 88.0102040816327
259398 110592 88.0102040816327


373824 6768829 88.0681818181818
373998 6768656 88.0681818181818


6768656 373998 88.0681818181818
6768829 373824 88.0681818181818


5513389 5667488 89.1257995735608
5513857 5667020 89.1257995735608


5667020 5513857 89.1257995735608
5667488 5513389 89.1257995735608


112376 257818 89.3292682926829
113986 256222 89.3292682926829


256222 113986 89.3292682926829
257818 112376 89.3292682926829


3716066 5513858 89.5744680851064
3716535 5513389 89.5744680851064


5513389 3716535 89.5744680851064
5513858 3716066 89.5744680851064


6280097 6288265 89.7755610972569
6280878 6287479 89.7755610972569


6287479 6280878 89.7755610972569
6288265 6280097 89.7755610972569


5513389 5628016 89.7872340425532
5513858 5627547 89.7872340425532


5627547 5513858 89.7872340425532
5628016 5513389 89.7872340425532


6649737 8000203 90.234375
6649989 7999950 90.234375


6650242 8000203 90.234375
6650494 7999950 90.234375


7999950 6649989 90.234375
8000203 6649737 90.234375


7999950 6650494 90.234375
8000203 6650242 90.234375


1477527 2195212 90.5660377358491
1477684 2195054 90.5660377358491


2195054 1477684 90.5660377358491
2195212 1477527 90.5660377358491


7075920 8000203 90.5882352941177
7076171 7999951 90.5882352941177


5918070 7076377 90.9677419354839
5918224 7076223 90.9677419354839


7076223 5918224 90.9677419354839
7076377 5918070 90.9677419354839


891244 7048059 91.2087912087912
891606 7047698 91.2087912087912


7047698 891606 91.2087912087912
7048059 891244 91.2087912087912


1202475 1204621 91.304347826087
1203325 1203772 91.304347826087


1203772 1203325 91.304347826087
1204621 1202475 91.304347826087


7999951 7076171 91.8918918918919
8000134 7075988 91.8918918918919


7075504 8000203 92.0634920634921
7075690 8000016 92.0634920634921


8000016 7075690 92.0634920634921
8000203 7075504 92.0634920634921


5414042 6753513 92.1311475409836
5414345 6753211 92.1311475409836


1477506 5411897 92.2077922077922
1477658 5411744 92.2077922077922


5411744 1477658 92.2077922077922
5411897 1477506 92.2077922077922


111778 258185 92.2480620155039
112029 257928 92.2480620155039


257928 112029 92.2480620155039
258185 111778 92.2480620155039


2362122 2363720 92.6616915422886
2363720 2362122 92.6616915422886


6753211 5414345 92.9328621908127
6753492 5414064 92.9328621908127


110198 259710 93.1372549019608
110401 259507 93.1372549019608


259507 110401 93.1372549019608
259710 110198 93.1372549019608


375914 1628969 93.2806324110672
376166 1628717 93.2806324110672


1628717 376166 93.2806324110672
1628969 375914 93.2806324110672


330874 1209514 93.3035714285714
331094 1209291 93.3035714285714


1209291 331094 93.3035714285714
1209514 330874 93.3035714285714


577194 870144 93.859649122807
577306 870031 93.859649122807


870031 577306 93.859649122807
870144 577194 93.859649122807


546600 577306 93.9130434782609
546714 577194 93.9130434782609


577194 546714 93.9130434782609
577306 546600 93.9130434782609


246583 5882214 94.3396226415094
246794 5882003 94.3396226415094


5882003 246794 94.3396226415094
5882214 246583 94.3396226415094


246583 3958803 94.811320754717
246794 3958592 94.811320754717


3958592 246794 94.811320754717
3958803 246583 94.811320754717


330874 1952489 95.4954954954955
331094 1952268 95.4954954954955


1952268 331094 95.4954954954955
1952489 330874 95.4954954954955


90624 284231 95.5342001130582
92367 282468 95.5342001130582


282468 92367 95.5342001130582
284231 90624 95.5342001130582


1590891 1826808 95.7446808510638
1591031 1826668 95.7446808510638


1826668 1591031 95.7446808510638
1826808 1590891 95.7446808510638


5414309 5414726 95.9427207637232
5414726 5414309 95.9427207637232


111561 258444 95.9677419354839
111684 258321 95.9677419354839


258321 111684 95.9677419354839
258444 111561 95.9677419354839


2170977 2195208 97.0588235294118
2171146 2195039 97.0588235294118


2195039 2171146 97.0588235294118
2195208 2170977 97.0588235294118


5414045 6650540 97.1677559912854
5414503 6650083 97.1677559912854


5513389 5567328 97.2340425531915
5513858 5566859 97.2340425531915


5566859 5513858 97.2340425531915
5567328 5513389 97.2340425531915


6650083 5414503 97.2727272727273
6650521 5414064 97.2727272727273


870033 1556297 97.3214285714286
870144 1556186 97.3214285714286


1556186 870144 97.3214285714286
1556297 870033 97.3214285714286


6546582 7102549 97.4025974025974
6546658 7102473 97.4025974025974


7102473 6546658 97.4025974025974
7102549 6546582 97.4025974025974


5414042 7076221 97.6190476190476
5414503 7075761 97.6190476190476


7075761 5414503 97.6190476190476
7076221 5414042 97.6190476190476


2161648 2195208 97.6303317535545
2161858 2194998 97.6303317535545


2194998 2161858 97.6303317535545
2195208 2161648 97.6303317535545


5414042 6650038 97.6897689768977
5414344 6649737 97.6897689768977


6649737 5414344 97.6897689768977
6650038 5414042 97.6897689768977


2523690 7239824 98.0582524271845
2523792 7239722 98.0582524271845


7239722 2523792 98.0582524271845
7239824 2523690 98.0582524271845


5414157 7075690 98.4042553191489
5414344 7075504 98.4042553191489


7075504 5414344 98.876404494382
7075680 5414167 98.876404494382


8006998 8007566 98.9473684210526
8007566 8006998 98.9473684210526


8006961 8010677 100
8007136 8010502 100


8010502 8007136 100
8010677 8006961 100


