#-- reverse hits sorted by %sim
0 0 0
0 0 0


190256 214656 70.9239130434783
190588 214290 70.9239130434783


214290 190588 70.9239130434783
214656 190256 70.9239130434783


877685 766956 77.4509803921569
877980 766655 77.4509803921569


766655 877980 77.5244299674267
766956 877685 77.5244299674267


199546 214656 79.7814207650273
199911 214291 79.7814207650273


214291 199911 79.7814207650273
214656 199546 79.7814207650273


1188286 1214135 88.7745556594949
1189344 1213071 88.7745556594949


1213071 1189344 88.8268156424581
1214140 1188281 88.8268156424581


1188123 1215200 89.0909090909091
1188286 1215037 89.0909090909091


1215037 1188286 89.0909090909091
1215200 1188123 89.0909090909091


411067 412665 92.910447761194
412665 411067 92.910447761194


190424 223897 96.6887417218543
190573 223747 96.6887417218543


223747 190573 96.6887417218543
223897 190424 96.6887417218543


199702 223942 97.4489795918367
199897 223747 97.4489795918367


223747 199897 97.4489795918367
223942 199702 97.4489795918367


199233 214970 98.5185185185185
199367 214836 98.5185185185185


214836 199367 98.5185185185185
214970 199233 98.5185185185185


