#-- forward hits sorted by %sim
0 0 0
0 0 0


1275469 1275469 53.4798534798535
1275741 1275741 53.4798534798535


1583564 1583564 57.2178477690289
1583944 1583944 57.2178477690289


3774974 3774974 59.4444444444444
3775153 3775153 59.4444444444444


5030064 5030064 59.9045346062053
5030482 5030482 59.9045346062053


1541025 1541025 61.8357487922705
1541231 1541231 61.8357487922705


4030584 4030584 63.3540372670807
4030744 4030744 63.3540372670807


555555 555555 63.768115942029
555761 555761 63.768115942029


555555 608908 63.768115942029
555761 609114 63.768115942029


608908 555555 63.768115942029
609114 555761 63.768115942029


608908 608908 63.768115942029
609114 609114 63.768115942029


305763 639330 64.1160949868074
306141 639697 64.1160949868074


305763 477584 64.1160949868074
306141 477951 64.1160949868074


305763 520966 64.1160949868074
306141 521333 64.1160949868074


305763 498695 64.1160949868074
306141 499062 64.1160949868074


305763 456479 64.1160949868074
306141 456846 64.1160949868074


2019660 2019660 65.6903765690377
2019898 2019898 65.6903765690377


5138974 5138974 66.0633484162896
5139194 5139194 66.0633484162896


280534 280534 66.8639053254438
280702 280702 66.8639053254438


1051178 1051178 68.0672268907563
1051296 1051296 68.0672268907563


2288067 2288067 68.3229813664596
2288227 2288227 68.3229813664596


2521203 2521203 68.9655172413793
2521347 2521347 68.9655172413793


1280331 1280331 69.1943127962085
1280541 1280541 69.1943127962085


1409607 1482614 69.3181818181818
1409782 1482788 69.3181818181818


1482614 1409607 69.3181818181818
1482788 1409782 69.3181818181818


2725009 2734299 70.189701897019
2725342 2734666 70.189701897019


2734299 2725009 70.189701897019
2734666 2725342 70.189701897019


4476275 4476275 72.0588235294118
4476478 4476478 72.0588235294118


33954 33954 72.2222222222222
34205 34205 72.2222222222222


104470 104470 74.0072202166065
105300 105300 74.0072202166065


3778881 3778881 74.468085106383
3779115 3779115 74.468085106383


1592977 1592977 76.3837638376384
1593247 1593247 76.3837638376384


927609 962892 76.3919821826281
928057 963336 76.3919821826281


962892 927609 76.3919821826281
963336 928057 76.3919821826281


447392 495508 76.6336633663366
447807 495998 76.6336633663366


447392 474399 76.6336633663366
447807 474889 76.6336633663366


474399 447392 76.6336633663366
474889 447807 76.6336633663366


495508 447392 76.6336633663366
495998 447807 76.6336633663366


447392 507600 77.029702970297
447807 508091 77.029702970297


507600 447392 77.029702970297
508091 447807 77.029702970297


352252 474399 77.1825396825397
352665 474889 77.1825396825397


352252 495508 77.1825396825397
352665 495998 77.1825396825397


427166 495508 77.1825396825397
427579 495998 77.1825396825397


427166 474399 77.1825396825397
427579 474889 77.1825396825397


474399 352252 77.1825396825397
474889 352665 77.1825396825397


474399 427166 77.1825396825397
474889 427579 77.1825396825397


495508 352252 77.1825396825397
495998 352665 77.1825396825397


495508 427166 77.1825396825397
495998 427579 77.1825396825397


352252 615186 77.1992818671454
352710 615730 77.1992818671454


427166 615186 77.1992818671454
427624 615730 77.1992818671454


615186 427166 77.1992818671454
615730 427624 77.1992818671454


615186 352252 77.1992818671454
615730 352710 77.1992818671454


352252 536288 77.3381294964029
352710 536831 77.3381294964029


427166 536288 77.3381294964029
427624 536831 77.3381294964029


536288 352252 77.3381294964029
536831 352710 77.3381294964029


536288 427166 77.3381294964029
536831 427624 77.3381294964029


447392 536288 77.4
447807 536774 77.4


536288 447392 77.4
536774 447807 77.4


604996 811560 77.4436090225564
605777 812356 77.4436090225564


811560 604996 77.4436090225564
812356 605777 77.4436090225564


352252 507600 77.5793650793651
352665 508091 77.5793650793651


427166 507600 77.5793650793651
427579 508091 77.5793650793651


507600 352252 77.5793650793651
508091 352665 77.5793650793651


507600 427166 77.5793650793651
508091 427579 77.5793650793651


447392 615186 77.8443113772455
447807 615673 77.8443113772455


615186 447392 77.8443113772455
615673 447807 77.8443113772455


551628 811560 78.0701754385965
552416 812356 78.0701754385965


811560 551628 78.0701754385965
812356 552416 78.0701754385965


456479 305763 78.1362007168459
456755 306041 78.1362007168459


477584 305763 78.1362007168459
477860 306041 78.1362007168459


498695 305763 78.1362007168459
498971 306041 78.1362007168459


520966 305763 78.1362007168459
521242 306041 78.1362007168459


639330 305763 78.1362007168459
639606 306041 78.1362007168459


2530525 2530525 78.6096256684492
2530898 2530898 78.6096256684492


3869835 3886981 78.8732394366197
3870189 3887333 78.8732394366197


3886981 3869835 78.8732394366197
3887333 3870189 78.8732394366197


352252 659159 78.8990825688073
352722 659681 78.8990825688073


427166 659159 78.8990825688073
427636 659681 78.8990825688073


659159 427166 78.8990825688073
659681 427636 78.8990825688073


659159 352252 78.8990825688073
659681 352722 78.8990825688073


4452532 4452532 79.0625
4452851 4452851 79.0625


507526 561811 79.1044776119403
507749 562074 79.1044776119403


536214 561811 79.1044776119403
536437 562074 79.1044776119403


561811 507526 79.1044776119403
562074 507749 79.1044776119403


561811 536214 79.1044776119403
562074 536437 79.1044776119403


2680799 2680799 79.2713567839196
2681594 2681594 79.2713567839196


561815 615115 79.3233082706767
562076 615337 79.3233082706767


615115 561815 79.3233082706767
615337 562076 79.3233082706767


401090 507526 79.4007490636704
401352 507749 79.4007490636704


401090 536214 79.4007490636704
401352 536437 79.4007490636704


507526 401090 79.4007490636704
507749 401352 79.4007490636704


536214 401090 79.4007490636704
536437 401352 79.4007490636704


507526 585387 79.4776119402985
507749 585650 79.4776119402985


536214 585387 79.4776119402985
536437 585650 79.4776119402985


585387 536214 79.4776119402985
585650 536437 79.4776119402985


585387 507526 79.4776119402985
585650 507749 79.4776119402985


551628 604996 79.4936708860759
552416 605777 79.4936708860759


604996 551628 79.4936708860759
605777 552416 79.4936708860759


4537156 4561290 79.5221843003413
4537447 4561582 79.5221843003413


4561290 4537156 79.5221843003413
4561582 4537447 79.5221843003413


401094 615115 79.622641509434
401354 615337 79.622641509434


615115 401094 79.622641509434
615337 401354 79.622641509434


585391 615115 79.6992481203008
585652 615337 79.6992481203008


615115 585391 79.6992481203008
615337 585652 79.6992481203008


570154 795570 80.168776371308
570832 796204 80.168776371308


795570 570154 80.168776371308
796204 570832 80.168776371308


551628 551628 80.2281368821293
552416 552416 80.2281368821293


360131 795570 80.2816901408451
360808 796204 80.2816901408451


795570 360131 80.2816901408451
796204 360808 80.2816901408451


4353895 4353895 80.3191489361702
4354082 4354082 80.3191489361702


604996 604996 80.4347826086957
605777 605777 80.4347826086957


1291582 1292166 80.4395604395604
1292033 1292609 80.4395604395604


1292166 1291582 80.4395604395604
1292609 1292033 80.4395604395604


544413 795570 80.5084745762712
545088 796204 80.5084745762712


795570 544413 80.5084745762712
796204 545088 80.5084745762712


623299 795570 80.6223479490806
623973 796204 80.6223479490806


795570 623299 80.6223479490806
796204 623973 80.6223479490806


2725007 2725007 80.7121661721068
2725343 2725343 80.7121661721068


107763 107763 80.7460890493381
108593 108593 80.7460890493381


188314 5228834 80.7692307692308
188690 5229216 80.7692307692308


5228834 188314 80.7692307692308
5229216 188690 80.7692307692308


4446928 4519700 80.8823529411765
4447199 4519969 80.8823529411765


4519700 4446928 80.8823529411765
4519969 4447199 80.8823529411765


385876 795570 80.8988764044944
386553 796204 80.8988764044944


795570 385876 80.8988764044944
796204 386553 80.8988764044944


2033365 2195165 80.9306569343066
2034411 2196233 80.9306569343066


2195165 2033365 80.9306569343066
2196233 2034411 80.9306569343066


456255 639106 81.25
456846 639697 81.25


456255 520742 81.25
456846 521333 81.25


456255 456255 81.25
456846 456846 81.25


456255 498471 81.25
456846 499062 81.25


456255 477360 81.25
456846 477951 81.25


477360 520742 81.25
477951 521333 81.25


477360 456255 81.25
477951 456846 81.25


477360 639106 81.25
477951 639697 81.25


477360 498471 81.25
477951 499062 81.25


477360 477360 81.25
477951 477951 81.25


498471 520742 81.25
499062 521333 81.25


498471 639106 81.25
499062 639697 81.25


498471 477360 81.25
499062 477951 81.25


498471 456255 81.25
499062 456846 81.25


498471 498471 81.25
499062 499062 81.25


520742 477360 81.25
521333 477951 81.25


520742 456255 81.25
521333 456846 81.25


520742 520742 81.25
521333 521333 81.25


520742 639106 81.25
521333 639697 81.25


520742 498471 81.25
521333 499062 81.25


639106 456255 81.25
639697 456846 81.25


639106 520742 81.25
639697 521333 81.25


639106 477360 81.25
639697 477951 81.25


639106 498471 81.25
639697 499062 81.25


4445477 4602091 81.3031161473088
4445826 4602440 81.3031161473088


4602091 4445477 81.3031161473088
4602440 4445826 81.3031161473088


639106 639106 81.3131313131313
639699 639699 81.3131313131313


470919 660796 81.5068493150685
471204 661078 81.5068493150685


492026 660796 81.5068493150685
492311 661078 81.5068493150685


504978 660796 81.5068493150685
505263 661078 81.5068493150685


660796 470919 81.5068493150685
661078 471204 81.5068493150685


660796 492026 81.5068493150685
661078 492311 81.5068493150685


660796 504978 81.5068493150685
661078 505263 81.5068493150685


4824277 4824277 81.6831683168317
4824478 4824478 81.6831683168317


597812 795570 81.7663817663818
598479 796204 81.7663817663818


795570 597812 81.7663817663818
796204 598479 81.7663817663818


400791 447168 81.8181818181818
400981 447343 81.8181818181818


447168 400791 81.8181818181818
447343 400981 81.8181818181818


2000143 2212623 82.1073558648111
2000641 2213102 82.1073558648111


2212623 2000143 82.1073558648111
2213102 2000641 82.1073558648111


585058 614831 82.1368948247079
585652 615337 82.1368948247079


614831 585058 82.1368948247079
615337 585652 82.1368948247079


3323585 3323585 82.2637106184364
3324441 3324441 82.2637106184364


507243 585058 82.2742474916388
507749 585650 82.2742474916388


585058 507243 82.2742474916388
585650 507749 82.2742474916388


4518227 4602091 82.2857142857143
4518573 4602440 82.2857142857143


4602091 4518227 82.2857142857143
4602440 4518573 82.2857142857143


2734299 2734299 82.3848238482385
2734667 2734667 82.3848238482385


535932 585058 82.4120603015075
536437 585650 82.4120603015075


585058 535932 82.4120603015075
585650 536437 82.4120603015075


928619 978226 82.6086956521739
929371 978957 82.6086956521739


978226 928619 82.6086956521739
978957 929371 82.6086956521739


1879161 1879161 82.6219512195122
1879488 1879488 82.6219512195122


4564863 4564863 82.6470588235294
4565202 4565202 82.6470588235294


447168 658517 82.6530612244898
447343 658707 82.6530612244898


658517 447168 82.6530612244898
658707 447343 82.6530612244898


2830396 2863058 82.6797385620915
2830996 2863656 82.6797385620915


2863058 2830396 82.6797385620915
2863656 2830996 82.6797385620915


5220192 5220192 82.8125
5220575 5220575 82.8125


2879858 2921155 82.8767123287671
2880974 2922294 82.8767123287671


2921155 2879858 82.8767123287671
2922294 2880974 82.8767123287671


1291036 1292166 82.9268292682927
1291361 1292481 82.9268292682927


1292166 1291036 82.9268292682927
1292481 1291361 82.9268292682927


447557 659382 83.0339321357285
448051 659815 83.0339321357285


659382 447557 83.0339321357285
659815 448051 83.0339321357285


1266664 1266664 83.0645161290323
1266911 1266911 83.0645161290323


2879942 3006798 83.1822759315206
2880883 3007783 83.1822759315206


3006798 2879942 83.1822759315206
3007783 2880883 83.1822759315206


3015808 3022584 83.2967032967033
3016252 3023023 83.2967032967033


3022584 3015808 83.2967032967033
3023023 3016252 83.2967032967033


3744855 3744855 83.2976445396146
3745321 3745321 83.2976445396146


3339131 3339131 83.3759590792839
3339521 3339521 83.3759590792839


2349267 2349267 83.4146341463415
2349881 2349881 83.4146341463415


962892 962892 83.6644591611479
963344 963344 83.6644591611479


426745 447168 83.6734693877551
426935 447343 83.6734693877551


447168 426745 83.6734693877551
447343 426935 83.6734693877551


399902 614064 83.8004101161996
401354 615337 83.8004101161996


614064 399902 83.8004101161996
615337 401354 83.8004101161996


5182477 5182477 83.9055793991416
5182942 5182942 83.9055793991416


811393 811393 83.9211618257261
812356 812356 83.9211618257261


2863058 2879301 84.0028188865398
2864452 2880690 84.0028188865398


2879301 2863058 84.0028188865398
2880690 2864452 84.0028188865398


2830367 3016031 84.0490797546012
2830996 3016664 84.0490797546012


3016031 2830367 84.0490797546012
3016664 2830996 84.0490797546012


399902 535163 84.1204654346338
401352 536437 84.1204654346338


535163 399902 84.1204654346338
536437 401352 84.1204654346338


351831 447168 84.1836734693878
352021 447343 84.1836734693878


447168 351831 84.1836734693878
447343 352021 84.1836734693878


4608773 4608773 84.2217484008529
4609241 4609241 84.2217484008529


832995 832995 84.2227378190255
833425 833425 84.2227378190255


1287419 1849288 84.2307692307692
1288182 1850064 84.2307692307692


1849288 1287419 84.2307692307692
1850064 1288182 84.2307692307692


2919623 2921155 84.2465753424658
2920753 2922294 84.2465753424658


2921155 2919623 84.2465753424658
2922294 2920753 84.2465753424658


552772 606130 84.2794759825327
553457 606813 84.2794759825327


606130 552772 84.2794759825327
606813 553457 84.2794759825327


3174684 3174684 84.3023255813954
3175027 3175027 84.3023255813954


4082851 4082851 84.3283582089552
4082984 4082984 84.3283582089552


343213 660206 84.5714285714286
343382 660375 84.5714285714286


660206 343213 84.5714285714286
660375 343382 84.5714285714286


1736294 1737227 84.5911949685535
1736610 1737544 84.5911949685535


1737227 1736294 84.5911949685535
1737544 1736610 84.5911949685535


2973668 3015828 84.6031746031746
2975501 3017689 84.6031746031746


3015828 2973668 84.6031746031746
3017689 2975501 84.6031746031746


2921155 2974432 84.6615252784919
2922294 2975592 84.6615252784919


2974432 2921155 84.6615252784919
2975592 2922294 84.6615252784919


606130 606130 84.7953216374269
606813 606813 84.7953216374269


1589730 1613728 84.8049281314168
1590698 1614678 84.8049281314168


1613728 1589730 84.8049281314168
1614678 1590698 84.8049281314168


2863058 2919081 84.8270995059986
2864452 2920469 84.8270995059986


2919081 2863058 84.8270995059986
2920469 2864452 84.8270995059986


812714 812714 84.8303393213573
813214 813214 84.8303393213573


552772 552772 84.8396501457726
553457 553457 84.8396501457726


2830480 2979616 84.952380952381
2830996 2980125 84.952380952381


2979616 2830480 84.952380952381
2980125 2830996 84.952380952381


1287418 2380276 84.9576271186441
1287888 2380746 84.9576271186441


2380276 1287418 84.9576271186441
2380746 1287888 84.9576271186441


3602403 3602403 84.958217270195
3603120 3603120 84.958217270195


2879138 2886422 84.9968612680477
2880690 2887993 84.9968612680477


2886422 2879138 84.9968612680477
2887993 2880690 84.9968612680477


1983467 2019996 85.012285012285
1984262 2020769 85.012285012285


2019996 1983467 85.012285012285
2020769 1984262 85.012285012285


582675 660780 85.0649350649351
582975 661079 85.0649350649351


660780 582675 85.0649350649351
661079 582975 85.0649350649351


1348849 1348849 85.0746268656716
1349250 1349250 85.0746268656716


527257 660796 85.121107266436
527539 661078 85.121107266436


660796 527257 85.121107266436
661078 527539 85.121107266436


951480 984329 85.1851851851852
951638 984484 85.1851851851852


984329 951480 85.1851851851852
984484 951638 85.1851851851852


2830367 2982565 85.1919561243144
2830891 2983105 85.1919561243144


2982565 2830367 85.1919561243144
2983105 2830891 85.1919561243144


2879095 3015858 85.2251109701966
2880637 3017412 85.2251109701966


3015858 2879095 85.2251109701966
3017412 2880637 85.2251109701966


509755 586686 85.2272727272727
510536 587449 85.2272727272727


586686 509755 85.2272727272727
587449 510536 85.2272727272727


3765567 3765567 85.252808988764
3766278 3766278 85.252808988764


2566490 2566490 85.2579852579853
2566896 2566896 85.2579852579853


710024 3800086 85.2631578947368
710674 3800749 85.2631578947368


3800086 710024 85.2631578947368
3800749 710674 85.2631578947368


3040124 3013167 85.3051058530511
3041700 3014767 85.3051058530511


811861 812714 85.3125
812175 813033 85.3125


812714 811861 85.3125
813033 812175 85.3125


3740801 3741316 85.3146853146853
3741077 3741591 85.3146853146853


3741316 3740801 85.3146853146853
3741591 3741077 85.3146853146853


374931 660780 85.3896103896104
375232 661079 85.3896103896104


398384 660780 85.3896103896104
398685 661079 85.3896103896104


660780 398384 85.3896103896104
661079 398685 85.3896103896104


660780 374931 85.3896103896104
661079 375232 85.3896103896104


514940 3800086 85.5639097744361
515590 3800749 85.5639097744361


3800086 514940 85.5639097744361
3800749 515590 85.5639097744361


2973667 2982360 85.6041131105398
2974041 2982739 85.6041131105398


2982360 2973667 85.6041131105398
2982739 2974041 85.6041131105398


3012737 3015814 85.6617647058823
3014613 3017689 85.6617647058823


3015814 3012737 85.6617647058823
3017689 3014613 85.6617647058823


2865832 2969887 85.7142857142857
2866705 2970757 85.7142857142857


2969887 2865832 85.7142857142857
2970757 2866705 85.7142857142857


2824095 2830367 85.7585139318885
2824721 2830996 85.7585139318885


2830367 2824095 85.7585139318885
2830996 2824721 85.7585139318885


3863159 3863159 85.8108108108108
3863602 3863602 85.8108108108108


1736760 1737227 85.8490566037736
1737077 1737544 85.8490566037736


1737227 1736760 85.8490566037736
1737544 1737077 85.8490566037736


2969887 3008966 85.8888888888889
2970782 3009864 85.8888888888889


3008966 2969887 85.8888888888889
3009864 2970782 85.8888888888889


2982348 3012738 85.9375
2983105 3013483 85.9375


3012738 2982348 85.9375
3013483 2983105 85.9375


2823920 2879095 85.9509202453988
2825522 2880690 85.9509202453988


2879095 2823920 85.9509202453988
2880690 2825522 85.9509202453988


2921155 3013544 85.958904109589
2922294 3014704 85.958904109589


3013544 2921155 85.958904109589
3014704 2922294 85.958904109589


5140264 5140264 85.981308411215
5140691 5140691 85.981308411215


2886422 3012825 85.9857482185273
2888082 3014479 85.9857482185273


3012825 2886422 85.9940652818991
3014479 2888082 85.9940652818991


2863229 2974044 86.0544217687075
2864676 2975501 86.0544217687075


2974044 2863229 86.0544217687075
2975501 2864676 86.0544217687075


2863170 3013097 86.0693263570961
2864676 3014613 86.0693263570961


3013097 2863170 86.0693263570961
3014613 2864676 86.0693263570961


409430 795570 86.0730593607306
409817 796005 86.0730593607306


795570 409430 86.0730593607306
796005 409817 86.0730593607306


352892 659763 86.0759493670886
353128 659998 86.0759493670886


427806 659763 86.0759493670886
428042 659998 86.0759493670886


659763 427806 86.0759493670886
659998 428042 86.0759493670886


659763 352892 86.0759493670886
659998 353128 86.0759493670886


1993662 2021607 86.1111111111111
1994297 2022289 86.1111111111111


2021607 1993662 86.1111111111111
2022289 1994297 86.1111111111111


210564 210564 86.1228813559322
211507 211507 86.1228813559322


2982343 3022584 86.1233480176212
2982786 3023023 86.1233480176212


3022584 2982343 86.1233480176212
3023023 2982786 86.1233480176212


1736294 1736760 86.1635220125786
1736610 1737077 86.1635220125786


1736760 1736294 86.1635220125786
1737077 1736610 86.1635220125786


509755 616247 86.1850443599493
510536 617009 86.1850443599493


616247 509755 86.1850443599493
617009 510536 86.1850443599493


2024469 2282644 86.2040133779264
2025659 2283833 86.2040133779264


2282644 2024469 86.2040133779264
2283833 2025659 86.2040133779264


710394 1952516 86.2179487179487
710704 1952827 86.2179487179487


1952516 710394 86.2179487179487
1952827 710704 86.2179487179487


2879384 2979615 86.2382116660845
2882177 2982436 86.2382116660845


2979615 2879384 86.2382116660845
2982436 2882177 86.2382116660845


423314 660794 86.3013698630137
423599 661079 86.3013698630137


444294 660794 86.3013698630137
444579 661079 86.3013698630137


645685 660794 86.3013698630137
645970 661079 86.3013698630137


660794 444294 86.3013698630137
661079 444579 86.3013698630137


660794 423314 86.3013698630137
661079 423599 86.3013698630137


660794 645685 86.3013698630137
661079 645970 86.3013698630137


2823889 2973667 86.3145939806928
2825623 2975379 86.3145939806928


2973667 2823889 86.3145939806928
2975379 2825623 86.3145939806928


1981429 2016895 86.3237139272271
1982225 2017669 86.3237139272271


2016895 1981429 86.3237139272271
2017669 1982225 86.3237139272271


2826872 2969887 86.3333333333333
2827770 2970782 86.3333333333333


2969887 2826872 86.3333333333333
2970782 2827770 86.3333333333333


1952194 3800086 86.377245508982
1952799 3800751 86.377245508982


3800086 1952194 86.377245508982
3800751 1952799 86.377245508982


2401858 2401858 86.4485981308411
2402285 2402285 86.4485981308411


3740801 3740974 86.4485981308411
3741420 3741591 86.4485981308411


2918852 3015834 86.4684466019417
2920469 3017465 86.4684466019417


3015834 2918852 86.4684466019417
3017465 2920469 86.4684466019417


4329992 4329992 86.4814814814815
4330531 4330531 86.4814814814815


2886764 2974043 86.5026099925429
2888086 2975371 86.5026099925429


2974043 2886764 86.5026099925429
2975371 2888086 86.5026099925429


2879095 2973698 86.5250475586557
2882177 2976820 86.5250475586557


2973698 2879095 86.5250475586557
2976820 2882177 86.5250475586557


428048 509755 86.5311308767471
428811 510536 86.5311308767471


509755 428048 86.5311308767471
510536 428811 86.5311308767471


2886422 2918919 86.5360303413401
2887993 2920469 86.5360303413401


2918919 2886422 86.5360303413401
2920469 2887993 86.5360303413401


402392 509755 86.5482233502538
403157 510536 86.5482233502538


509755 563113 86.5482233502538
510536 563877 86.5482233502538


509755 402392 86.5482233502538
510536 403157 86.5482233502538


563113 509755 86.5482233502538
563877 510536 86.5482233502538


2919707 3006798 86.6059817945384
2920469 3007559 86.6059817945384


3006798 2919707 86.6059817945384
3007559 2920469 86.6059817945384


2879095 2982390 86.6108786610879
2879796 2983104 86.6108786610879


2982390 2879095 86.6108786610879
2983104 2879796 86.6108786610879


2879481 3040124 86.6558177379984
2880690 3041334 86.6558177379984


3040124 2879481 86.6558177379984
3041334 2880690 86.6558177379984


3700605 3700605 86.6666666666667
3701054 3701054 86.6666666666667


352414 585870 86.7088607594937
352710 586175 86.7088607594937


427328 585870 86.7088607594937
427624 586175 86.7088607594937


585870 427328 86.7088607594937
586175 427624 86.7088607594937


585870 352414 86.7088607594937
586175 352710 86.7088607594937


588065 685066 86.7383512544803
588866 685858 86.7383512544803


685066 588065 86.7383512544803
685858 588866 86.7383512544803


4420783 4437274 86.7741935483871
4421332 4437892 86.7741935483871


4437274 4420783 86.7741935483871
4437892 4421332 86.7741935483871


509755 537349 86.7852604828463
510536 538113 86.7852604828463


537349 509755 86.7852604828463
538113 510536 86.7852604828463


1995373 2282560 86.8390129259695
1996221 2283401 86.8390129259695


2282560 1995373 86.8390129259695
2283401 1996221 86.8390129259695


1999045 2195552 86.8544600938967
1999253 2195763 86.8544600938967


2195552 1999045 86.8544600938967
2195763 1999253 86.8544600938967


1320463 1320463 86.8561278863233
1321025 1321025 86.8561278863233


415337 585878 86.8571428571429
415504 586043 86.8571428571429


585878 415337 86.8571428571429
586043 415504 86.8571428571429


3740974 3740801 86.8811881188119
3741363 3741188 86.8811881188119


2969887 3018853 86.8888888888889
2970782 3019751 86.8888888888889


3018853 2969887 86.8888888888889
3019751 2970782 86.8888888888889


2887145 2921152 86.8923611111111
2888260 2922285 86.8923611111111


2921152 2887145 86.8923611111111
2922285 2888260 86.8923611111111


2974516 3006798 86.8951612903226
2975501 3007783 86.8951612903226


3006798 2974516 86.8951612903226
3007783 2975501 86.8951612903226


239676 1287421 86.9001297016861
240444 1288183 86.9001297016861


1287421 239676 86.9001297016861
1288183 240444 86.9001297016861


1993666 2280889 86.9148936170213
1994554 2281821 86.9148936170213


2280889 1993666 86.9148936170213
2281821 1994554 86.9148936170213


891715 891715 86.9191049913941
892295 892295 86.9191049913941


4066647 4066647 86.9639794168096
4067812 4067812 86.9639794168096


352414 562294 86.984126984127
352710 562598 86.984126984127


352414 401572 86.984126984127
352710 401876 86.984126984127


401572 427328 86.984126984127
401876 427624 86.984126984127


401572 352414 86.984126984127
401876 352710 86.984126984127


427328 562294 86.984126984127
427624 562598 86.984126984127


427328 401572 86.984126984127
427624 401876 86.984126984127


562294 352414 86.984126984127
562598 352710 86.984126984127


562294 427328 86.984126984127
562598 427624 86.984126984127


1995408 2292203 87.0098039215686
1996221 2293009 87.0098039215686


2292203 1995408 87.0098039215686
2293009 1996221 87.0098039215686


400217 473259 87.088915956151
401037 473999 87.088915956151


400217 494366 87.088915956151
401037 495108 87.088915956151


473259 400217 87.088915956151
473999 401037 87.088915956151


494366 400217 87.088915956151
495108 401037 87.088915956151


3006798 3013628 87.1975806451613
3007783 3014613 87.1975806451613


3013628 3006798 87.1975806451613
3014613 3007783 87.1975806451613


1316573 1316573 87.2008324661811
1317533 1317533 87.2008324661811


352788 402055 87.2042068361087
353915 403158 87.2042068361087


402055 352788 87.2042068361087
403158 353915 87.2042068361087


422290 556129 87.2222222222222
422463 556299 87.2222222222222


422290 609482 87.2222222222222
422463 609652 87.2222222222222


556129 422290 87.2222222222222
556299 422463 87.2222222222222


556129 644661 87.2222222222222
556299 644834 87.2222222222222


609482 644661 87.2222222222222
609652 644834 87.2222222222222


609482 422290 87.2222222222222
609652 422463 87.2222222222222


644661 609482 87.2222222222222
644834 609652 87.2222222222222


644661 556129 87.2222222222222
644834 556299 87.2222222222222


1179569 1179569 87.2231686541738
1180742 1180742 87.2231686541738


945318 945318 87.2689938398357
945804 945804 87.2689938398357


4475626 4475626 87.2693726937269
4476167 4476167 87.2693726937269


5351466 5354794 87.2847682119205
5352218 5355543 87.2847682119205


5354794 5351466 87.2847682119205
5355543 5352218 87.2847682119205


2974055 3040124 87.3046875
2975583 3041636 87.3046875


3040124 2974055 87.3046875
3041636 2975583 87.3046875


2921155 2980081 87.3179091688089
2922294 2981246 87.3179091688089


2980081 2921155 87.3179091688089
2981246 2922294 87.3179091688089


2982782 3040124 87.3456790123457
2983105 3040440 87.3456790123457


3040124 2982782 87.3456790123457
3040440 2983105 87.3456790123457


401580 415337 87.3563218390805
401744 415504 87.3563218390805


415337 562302 87.3563218390805
415504 562466 87.3563218390805


415337 401580 87.3563218390805
415504 401744 87.3563218390805


562302 415337 87.3563218390805
562466 415504 87.3563218390805


352788 537012 87.3684210526316
353915 538114 87.3684210526316


537012 352788 87.3684210526316
538114 353915 87.3684210526316


2823873 3012734 87.4086565486228
2825623 3014491 87.4086565486228


3012734 2823873 87.4086565486228
3014491 2825623 87.4086565486228


2853134 2921196 87.4087591240876
2854225 2922267 87.4087591240876


2921196 2853134 87.4087591240876
2922267 2854225 87.4087591240876


2918852 2982367 87.4163319946452
2919577 2983105 87.4163319946452


2982367 2918852 87.4163319946452
2983105 2919577 87.4163319946452


2823871 3022584 87.4720357941834
2824308 3023022 87.4720357941834


3022584 2823871 87.4720357941834
3023022 2824308 87.4720357941834


354533 685066 87.5151515151515
355303 685860 87.5151515151515


685066 354533 87.5151515151515
685860 355303 87.5151515151515


1997759 2194167 87.5299760191847
1998175 2194574 87.5299760191847


2194167 1997759 87.5299760191847
2194574 1998175 87.5299760191847


429430 685066 87.5598086124402
430235 685860 87.5598086124402


685066 429430 87.5598086124402
685860 430235 87.5598086124402


1703212 1709763 87.5609756097561
1704027 1710582 87.5609756097561


1709763 1703212 87.5609756097561
1710582 1704027 87.5609756097561


3067822 3074238 87.5609756097561
3068231 3074627 87.5609756097561


3074238 3067822 87.5609756097561
3074627 3068231 87.5609756097561


188542 5234076 87.5776397515528
188690 5234235 87.5776397515528


5234076 188542 87.5776397515528
5234235 188690 87.5776397515528


1322287 1322287 87.5949367088608
1323471 1323471 87.5949367088608


3013167 3040124 87.6140808344198
3014695 3041636 87.6140808344198


403775 685066 87.6646706586826
404579 685860 87.6646706586826


564494 685066 87.6646706586826
565298 685860 87.6646706586826


685066 403775 87.6646706586826
685860 404579 87.6646706586826


685066 564494 87.6646706586826
685860 565298 87.6646706586826


617626 685066 87.6794258373206
618431 685860 87.6794258373206


685066 617626 87.6794258373206
685860 618431 87.6794258373206


2284632 2284632 87.683284457478
2284972 2284972 87.683284457478


2389291 2389291 87.736900780379
2391084 2391084 87.736900780379


344344 660796 87.7394636015326
344604 661050 87.7394636015326


660796 344344 87.7394636015326
661050 344604 87.7394636015326


1002498 1002498 87.7813504823151
1002808 1002808 87.7813504823151


1287421 4704304 87.8080415045396
1288183 4705071 87.8080415045396


4704304 1287421 87.8080415045396
4705071 1288183 87.8080415045396


2879095 3012782 87.8149920255184
2882177 3015904 87.8149920255184


3012782 2879095 87.8149920255184
3015904 2882177 87.8149920255184


2853134 2919664 87.8980891719745
2854227 2920728 87.8980891719745


2919664 2853134 87.8980891719745
2920728 2854227 87.8980891719745


507513 659029 87.9032258064516
508090 659628 87.9032258064516


659029 507513 87.9032258064516
659628 508090 87.9032258064516


415337 536535 87.9310344827586
415504 536699 87.9310344827586


415337 615434 87.9310344827586
415504 615598 87.9310344827586


536535 415337 87.9310344827586
536699 415504 87.9310344827586


615434 415337 87.9310344827586
615598 415504 87.9310344827586


2823896 2918852 87.9363135333742
2825514 2920461 87.9363135333742


2918852 2823896 87.9363135333742
2920461 2825514 87.9363135333742


5351466 5355826 87.9432624113475
5351888 5356245 87.9432624113475


5355826 5351466 87.9432624113475
5356245 5351888 87.9432624113475


1992965 2020889 87.9598662207358
1993519 2021482 87.9598662207358


2020889 1992965 87.9598662207358
2021482 1993519 87.9598662207358


615099 659029 87.987012987013
615672 659628 87.987012987013


659029 615099 87.987012987013
659628 615672 87.987012987013


1736294 1736294 88.01261829653
1736610 1736610 88.01261829653


538731 685066 88.0382775119617
539540 685860 88.0382775119617


685066 538731 88.0382775119617
685860 539540 88.0382775119617


1736760 1736760 88.0503144654088
1737077 1737077 88.0503144654088


1737227 1737227 88.0877742946709
1737545 1737545 88.0877742946709


1993014 2257231 88.0952380952381
1993258 2257480 88.0952380952381


2257231 1993014 88.0952380952381
2257480 1993258 88.0952380952381


925751 960290 88.1264456437934
927044 961586 88.1264456437934


960290 925751 88.1264456437934
961586 927044 88.1264456437934


511148 685066 88.1437125748503
511956 685860 88.1437125748503


685066 511148 88.1437125748503
685860 511956 88.1437125748503


3231624 4621600 88.1516587677725
3232039 4622021 88.1516587677725


4621600 3231624 88.1516587677725
4622021 3232039 88.1516587677725


2919261 3040124 88.2594417077176
2920469 3041334 88.2594417077176


3040124 2919261 88.2594417077176
3041334 2920469 88.2594417077176


536201 659029 88.2926829268293
536773 659628 88.2926829268293


659029 536201 88.2926829268293
659628 536773 88.2926829268293


367682 795570 88.3040935672515
367840 795736 88.3040935672515


391134 795570 88.3040935672515
391292 795736 88.3040935672515


575427 795570 88.3040935672515
575585 795736 88.3040935672515


795570 391134 88.3040935672515
795736 391292 88.3040935672515


795570 575427 88.3040935672515
795736 575585 88.3040935672515


795570 367682 88.3040935672515
795736 367840 88.3040935672515


2919167 2979618 88.3222845486996
2921076 2981569 88.3222845486996


2979618 2919167 88.3222845486996
2981569 2921076 88.3222845486996


1997489 2032046 88.3426966292135
1998174 2032756 88.3426966292135


2032046 1997489 88.3426966292135
2032756 1998174 88.3426966292135


1409445 1409445 88.3886255924171
1409866 1409866 88.3886255924171


1852505 1852505 88.3954154727794
1853202 1853202 88.3954154727794


4703306 4703306 88.4210526315789
4703780 4703780 88.4210526315789


4947001 4947001 88.4297520661157
4947484 4947484 88.4297520661157


400088 532364 88.4368308351178
401018 533218 88.4368308351178


532364 400088 88.4368308351178
533218 401018 88.4368308351178


343361 608084 88.4393063583815
343530 608246 88.4393063583815


343361 554730 88.4393063583815
343530 554892 88.4393063583815


373970 554730 88.4393063583815
374139 554892 88.4393063583815


373970 608084 88.4393063583815
374139 608246 88.4393063583815


397423 608084 88.4393063583815
397592 608246 88.4393063583815


397423 554730 88.4393063583815
397592 554892 88.4393063583815


422290 554730 88.4393063583815
422459 554892 88.4393063583815


422290 608084 88.4393063583815
422459 608246 88.4393063583815


554730 422290 88.4393063583815
554892 422459 88.4393063583815


554730 373970 88.4393063583815
554892 374139 88.4393063583815


554730 644661 88.4393063583815
554892 644830 88.4393063583815


554730 343361 88.4393063583815
554892 343530 88.4393063583815


554730 397423 88.4393063583815
554892 397592 88.4393063583815


554730 581714 88.4393063583815
554892 581883 88.4393063583815


581714 554730 88.4393063583815
581883 554892 88.4393063583815


581714 608084 88.4393063583815
581883 608246 88.4393063583815


608084 343361 88.4393063583815
608246 343530 88.4393063583815


608084 373970 88.4393063583815
608246 374139 88.4393063583815


608084 397423 88.4393063583815
608246 397592 88.4393063583815


608084 644661 88.4393063583815
608246 644830 88.4393063583815


608084 581714 88.4393063583815
608246 581883 88.4393063583815


608084 422290 88.4393063583815
608246 422459 88.4393063583815


644661 608084 88.4393063583815
644830 608246 88.4393063583815


644661 554730 88.4393063583815
644830 554892 88.4393063583815


415337 659390 88.5057471264368
415504 659554 88.5057471264368


415337 474645 88.5057471264368
415504 474809 88.5057471264368


415337 507847 88.5057471264368
415504 508011 88.5057471264368


415337 495754 88.5057471264368
415504 495918 88.5057471264368


474645 415337 88.5057471264368
474809 415504 88.5057471264368


495754 415337 88.5057471264368
495918 415504 88.5057471264368


507847 415337 88.5057471264368
508011 415504 88.5057471264368


659390 415337 88.5057471264368
659554 415504 88.5057471264368


2034626 2215536 88.5135135135135
2034772 2215679 88.5135135135135


2215536 2034626 88.5135135135135
2215679 2034772 88.5135135135135


2863609 2921152 88.5474860335195
2864676 2922207 88.5474860335195


2921152 2863609 88.5474860335195
2922207 2864676 88.5474860335195


2813140 2821420 88.5496183206107
2813920 2822198 88.5496183206107


2821420 2813140 88.5496183206107
2822198 2813920 88.5496183206107


2853134 2879899 88.5749385749386
2853941 2880693 88.5749385749386


2879899 2853134 88.5749385749386
2880693 2853941 88.5749385749386


427702 586350 88.6019590382903
428812 587450 88.6019590382903


586350 427702 88.6019590382903
587450 428812 88.6019590382903


5212840 5212840 88.6201991465149
5213542 5213542 88.6201991465149


2830576 3040124 88.6255924170616
2830996 3040533 88.6255924170616


3040124 2830576 88.6255924170616
3040533 2830996 88.6255924170616


352788 508325 88.6363636363636
353133 508662 88.6363636363636


427702 508325 88.6363636363636
428047 508662 88.6363636363636


508325 352788 88.6363636363636
508662 353133 88.6363636363636


508325 427702 88.6363636363636
508662 428047 88.6363636363636


4446326 4448579 88.6363636363636
4446765 4449018 88.6363636363636


4448579 4446326 88.6363636363636
4449018 4446765 88.6363636363636


446635 494364 88.6456908344733
447343 495056 88.6456908344733


494364 446635 88.6456908344733
495056 447343 88.6456908344733


2976726 3022584 88.673139158576
2977031 3022892 88.673139158576


3022584 2976726 88.673139158576
3022892 2977031 88.673139158576


353134 509755 88.6912325285896
353914 510536 88.6912325285896


509755 353134 88.6912325285896
510536 353914 88.6912325285896


2853142 2863658 88.7365328109696
2854161 2864676 88.7365328109696


2863658 2853142 88.7365328109696
2864676 2854161 88.7365328109696


2853177 3006798 88.7537993920973
2854161 3007783 88.7537993920973


3006798 2853177 88.7537993920973
3007783 2854161 88.7537993920973


2921238 3006798 88.7651821862348
2922207 3007783 88.7651821862348


3006798 2921238 88.7765419615774
3007783 2922207 88.7765419615774


2879095 2918876 88.7787291572781
2881297 2921076 88.7787291572781


2918876 2879095 88.7787291572781
2921076 2881297 88.7787291572781


447168 585087 88.7931034482759
447280 585197 88.7931034482759


585087 447168 88.7931034482759
585197 447280 88.7931034482759


3231624 4611818 88.8111888111888
3232188 4612389 88.8111888111888


4611818 3231624 88.8111888111888
4612389 3232188 88.8111888111888


446635 473257 88.8888888888889
447343 473947 88.8888888888889


473257 446635 88.8888888888889
473947 447343 88.8888888888889


4686515 4686515 88.9156626506024
4686929 4686929 88.9156626506024


2921152 3016617 88.9199255121043
2922207 3017689 88.9199255121043


3016617 2921152 88.9199255121043
3017689 2922207 88.9199255121043


4451733 4458118 88.96
4452357 4458722 88.96


4458118 4451733 88.96
4458722 4452357 88.96


447888 586286 88.9763779527559
448008 586408 88.9763779527559


586286 447888 88.9763779527559
586408 448008 88.9763779527559


2980165 3006798 89.0231621349446
2981155 3007783 89.0231621349446


3006798 2980165 89.0231621349446
3007783 2981155 89.0231621349446


2863115 2979581 89.0436985433819
2864676 2981155 89.0436985433819


2979581 2863115 89.0436985433819
2981155 2864676 89.0436985433819


4798835 4798835 89.0598290598291
4799419 4799419 89.0598290598291


3219836 4621598 89.0736342042755
3220256 4622018 89.0736342042755


4621598 3219836 89.0736342042755
4622018 3220256 89.0736342042755


2853134 3016661 89.1156462585034
2854161 3017689 89.1156462585034


3016661 2853134 89.1156462585034
3017689 2854161 89.1156462585034


4642641 4642641 89.1988555078684
4644038 4644038 89.1988555078684


2853134 3040530 89.2040256175663
2854225 3041618 89.2040256175663


3040530 2853134 89.2040256175663
3041618 2854225 89.2040256175663


446501 532364 89.2405063291139
447281 533106 89.2405063291139


532364 446501 89.2405063291139
533106 447281 89.2405063291139


427702 615911 89.2761394101877
428812 617010 89.2761394101877


615911 427702 89.2761394101877
617010 428812 89.2761394101877


2976728 3012734 89.2857142857143
2977031 3013040 89.2857142857143


3012734 2976728 89.2857142857143
3013040 2977031 89.2857142857143


1880582 1880582 89.3453145057766
1881360 1881360 89.3453145057766


352194 447335 89.3536121673004
352975 448082 89.3536121673004


