#-- reverse hits sorted by %sim
0 0 0
0 0 0


3602417 4421319 65.4166666666667
3602656 4421080 65.4166666666667


4421080 3602656 65.4166666666667
4421319 3602417 65.4166666666667


3602407 4437888 66.4
3602656 4437639 66.4


4437639 3602656 66.4
4437888 3602407 66.4


2725011 2749411 70.9239130434783
2725343 2749045 70.9239130434783


2749045 2725343 70.9239130434783
2749411 2725011 70.9239130434783


202818 370897 75.6055363321799
203357 370405 75.6055363321799


202818 578641 75.6055363321799
203357 578149 75.6055363321799


202818 394350 75.6476683937824
203357 393857 75.6476683937824


370405 203357 75.9515570934256
370897 202818 75.9515570934256


578149 203357 75.9515570934256
578641 202818 75.9515570934256


393857 203357 75.993091537133
394350 202818 75.993091537133


3412440 3301711 77.4509803921569
3412735 3301410 77.4509803921569


3301410 3412735 77.5244299674267
3301711 3412440 77.5244299674267


2734301 2749411 79.7814207650273
2734666 2749046 79.7814207650273


2749046 2734666 79.7814207650273
2749411 2734301 79.7814207650273


205579 610483 80.8170515097691
206103 609967 80.8170515097691


609967 206103 80.8170515097691
610483 205579 80.8170515097691


205579 557131 80.9946714031972
206103 556615 80.9946714031972


556615 206103 80.9946714031972
557131 205579 80.9946714031972


205579 417822 81.0283687943262
206103 417304 81.0283687943262


417304 206103 81.0283687943262
417822 205579 81.0283687943262


1608535 3220394 82.0936639118457
1608893 3220032 82.0936639118457


3220032 1608893 82.0936639118457
3220394 1608535 82.0936639118457


2213715 5672140 82.5925925925926
2213981 5671881 82.5925925925926


5671881 2213981 82.5925925925926
5672140 2213715 82.5925925925926


202818 441233 82.7027027027027
202974 441049 82.7027027027027


441049 202974 82.7027027027027
441233 202818 82.7027027027027


92569 355694 83.4519572953737
93091 355138 83.4519572953737


355138 93091 83.4519572953737
355694 92569 83.4519572953737


202732 419296 83.6763662171753
204074 417993 83.6763662171753


417993 204074 83.6763662171753
419296 202732 83.6763662171753


92553 565706 84.1379310344828
93091 565133 84.1379310344828


565133 93091 84.1379310344828
565706 92553 84.1379310344828


1952104 4705075 84.1463414634146
1952512 4704685 84.1463414634146


4704685 1952512 84.1463414634146
4705075 1952104 84.1463414634146


92553 430642 84.2832469775475
93091 430070 84.2832469775475


92553 618838 84.2832469775475
93091 618266 84.2832469775475


92553 404986 84.2832469775475
93091 404414 84.2832469775475


404414 93091 84.2832469775475
404986 92553 84.2832469775475


430070 93091 84.2832469775475
430642 92553 84.2832469775475


618266 93091 84.2832469775475
618838 92553 84.2832469775475


92553 512338 84.3971631205674
93091 511791 84.3971631205674


511791 93091 84.3971631205674
512338 92553 84.3971631205674


239710 3800749 84.6616541353384
240362 3800087 84.6616541353384


3800087 240362 84.6616541353384
3800749 239710 84.6616541353384


710236 2380751 84.9056603773585
710711 2380276 84.9056603773585


2380276 710711 84.9056603773585
2380751 710236 84.9056603773585


3800086 4704990 85.0903614457831
3800749 4704338 85.0903614457831


4704338 3800749 85.0903614457831
4704990 3800086 85.0903614457831


165064 647009 85.3300733496333
165448 646604 85.3300733496333


646604 165448 85.3300733496333
647009 165064 85.3300733496333


165064 446177 85.4014598540146
165450 445770 85.4014598540146


165064 424640 85.4014598540146
165448 424233 85.4014598540146


424233 165448 85.4014598540146
424640 165064 85.4014598540146


445770 165450 85.4014598540146
446177 165064 85.4014598540146


515156 2380747 85.4122621564482
515627 2380276 85.4122621564482


2380276 515627 85.4122621564482
2380747 515156 85.4122621564482


164578 532023 85.4368932038835
164866 531715 85.4368932038835


531715 164866 85.4368932038835
532023 164578 85.4368932038835


163774 647009 85.5392156862745
164158 646604 85.5392156862745


646604 164158 85.5392156862745
647009 163774 85.5392156862745


1287455 3800749 85.5421686746988
1288106 3800086 85.5421686746988


3800086 1288106 85.5421686746988
3800749 1287455 85.5421686746988


163774 446177 85.609756097561
164160 445770 85.609756097561


163774 424640 85.609756097561
164158 424233 85.609756097561


424233 164158 85.609756097561
424640 163774 85.609756097561


445770 164160 85.609756097561
446177 163774 85.609756097561


163286 647342 85.625
163583 647025 85.625


647025 163583 85.625
647342 163286 85.625


163774 584033 85.6796116504854
164160 583622 85.6796116504854


583622 164160 85.6796116504854
584033 163774 85.6796116504854


163774 399744 85.7142857142857
164160 399332 85.7142857142857


399332 164160 85.7142857142857
399744 163774 85.7142857142857


165064 493357 85.8190709046455
165450 492952 85.8190709046455


165064 472250 85.8190709046455
165450 471845 85.8190709046455


471845 165450 85.8190709046455
472250 165064 85.8190709046455


492952 165450 85.8190709046455
493357 165064 85.8190709046455


165064 584033 85.9223300970874
165450 583622 85.9223300970874


583622 165450 85.9223300970874
584033 165064 85.9223300970874


163286 584366 85.9375
163583 584049 85.9375


163286 400077 85.9375
163583 399760 85.9375


163286 424973 85.9375
163583 424656 85.9375


399760 163583 85.9375
400077 163286 85.9375


424656 163583 85.9375
424973 163286 85.9375


584049 163583 85.9375
584366 163286 85.9375


165064 399744 85.956416464891
165450 399332 85.956416464891


399332 165450 85.956416464891
399744 165064 85.956416464891


922752 2178629 86.0091743119266
923187 2178219 86.0091743119266


2178219 923187 86.0091743119266
2178629 922752 86.0091743119266


163774 493357 86.0294117647059
164160 492952 86.0294117647059


163774 472250 86.0294117647059
164160 471845 86.0294117647059


165064 506308 86.0294117647059
165450 505904 86.0294117647059


471845 164160 86.0294117647059
472250 163774 86.0294117647059


492952 164160 86.0294117647059
493357 163774 86.0294117647059


505904 165450 86.0294117647059
506308 165064 86.0294117647059


163774 506308 86.2407862407862
164160 505904 86.2407862407862


505904 164160 86.2407862407862
506308 163774 86.2407862407862


166245 505229 86.4541832669323
166486 504979 86.4541832669323


166245 492277 86.4541832669323
166486 492027 86.4541832669323


166245 471170 86.4541832669323
166486 470920 86.4541832669323


470920 166486 86.4541832669323
471170 166245 86.4541832669323


492027 166486 86.4541832669323
492277 166245 86.4541832669323


504979 166486 86.4541832669323
505229 166245 86.4541832669323


165064 350801 86.4864864864865
165450 350398 86.4864864864865


350398 165450 86.4864864864865
350801 165064 86.4864864864865


239676 710708 86.5806451612903
240448 709939 86.5806451612903


709939 240448 86.5806451612903
710708 239676 86.5806451612903


163774 350801 86.6995073891626
164160 350398 86.6995073891626


165064 531690 86.6995073891626
165450 531288 86.6995073891626


350398 164160 86.6995073891626
350801 163774 86.6995073891626


531288 165450 86.6995073891626
531690 165064 86.6995073891626


162150 473673 86.7605633802817
162494 473319 86.7605633802817


162150 494780 86.7605633802817
162494 494426 86.7605633802817


473319 162494 86.7605633802817
473673 162150 86.7605633802817


494426 162494 86.7605633802817
494780 162150 86.7605633802817


670955 165998 86.7768595041322
671067 165878 86.7768595041322


92881 539598 86.784140969163
93091 539375 86.784140969163


539375 93091 86.784140969163
539598 92881 86.784140969163


456269 203684 86.8995633187773
456482 203456 86.8995633187773


477374 203684 86.8995633187773
477587 203456 86.8995633187773


498485 203684 86.8995633187773
498698 203456 86.8995633187773


520756 203684 86.8995633187773
520969 203456 86.8995633187773


639120 203684 86.8995633187773
639333 203456 86.8995633187773


239676 515624 86.9001297016861
240444 514859 86.9001297016861


514859 240444 86.9001297016861
515624 239676 86.9001297016861


163774 531690 86.9135802469136
164160 531288 86.9135802469136


531288 164160 86.9135802469136
531690 163774 86.9135802469136


203456 456482 86.9565217391304
203684 456269 86.9565217391304


203456 477587 86.9565217391304
203684 477374 86.9565217391304


203456 639333 86.9565217391304
203684 639120 86.9565217391304


203456 520969 86.9565217391304
203684 520756 86.9565217391304


203456 498698 86.9565217391304
203684 498485 86.9565217391304


93492 539269 86.984126984127
93778 538960 86.984126984127


93492 588601 86.984126984127
93778 588293 86.984126984127


93492 511685 86.984126984127
93778 511376 86.984126984127


511376 93778 86.984126984127
511685 93492 86.984126984127


538960 93778 86.984126984127
539269 93492 86.984126984127


588293 93778 86.984126984127
588601 93492 86.984126984127


163311 531992 87.19723183391
163583 531706 87.19723183391


531706 163583 87.19723183391
531992 163311 87.19723183391


93492 404312 87.3015873015873
93778 404003 87.3015873015873


93492 618164 87.3015873015873
93778 617855 87.3015873015873


93492 429968 87.3015873015873
93778 429659 87.3015873015873


93492 565031 87.3015873015873
93778 564722 87.3015873015873


404003 93778 87.3015873015873
404312 93492 87.3015873015873


429659 93778 87.3015873015873
429968 93492 87.3015873015873


564722 93778 87.3015873015873
565031 93492 87.3015873015873


617855 93778 87.3015873015873
618164 93492 87.3015873015873


93480 355083 87.4617737003058
93778 354762 87.4617737003058


354762 93778 87.4617737003058
355083 93480 87.4617737003058


709939 4705075 87.5968992248062
710708 4704304 87.5968992248062


4704304 710708 87.5968992248062
4705075 709939 87.5968992248062


1849671 1952512 87.8048780487805
1850068 1952105 87.8048780487805


1952105 1850068 87.8048780487805
1952512 1849671 87.8048780487805


514859 4705071 87.9220779220779
515624 4704304 87.9220779220779


4704304 515624 87.9220779220779
4705071 514859 87.9220779220779


166245 661038 88.1235154394299
166657 660622 88.1235154394299


660622 166657 88.1235154394299
661038 166245 88.1235154394299


1849322 3800751 88.3861236802413
1849981 3800089 88.3861236802413


3800089 1849981 88.3861236802413
3800751 1849322 88.3861236802413


164578 647342 88.5714285714286
164819 647098 88.5714285714286


647098 164819 88.5714285714286
647342 164578 88.5714285714286


3723036 3748895 88.8268156424581
3724099 3747826 88.8268156424581


3747826 3724099 88.8268156424581
3748895 3723036 88.8268156424581


164578 584366 88.9795918367347
164819 584122 88.9795918367347


164578 424973 88.9795918367347
164819 424729 88.9795918367347


164578 400077 88.9795918367347
164819 399833 88.9795918367347


399833 164819 88.9795918367347
400077 164578 88.9795918367347


424729 164819 88.9795918367347
424973 164578 88.9795918367347


584122 164819 88.9795918367347
584366 164578 88.9795918367347


196812 419953 88.9867841409692
197034 419730 88.9867841409692


419730 197034 88.9867841409692
419953 196812 88.9867841409692


3722878 3749955 89.0909090909091
3723041 3749792 89.0909090909091


3749792 3723041 89.0909090909091
3749955 3722878 89.0909090909091


164607 506613 89.3518518518518
164819 506398 89.3518518518518


164607 493662 89.3518518518518
164819 493447 89.3518518518518


164607 472555 89.3518518518518
164819 472340 89.3518518518518


472340 164819 89.3518518518518
472555 164607 89.3518518518518


493447 164819 89.3518518518518
493662 164607 89.3518518518518


506398 164819 89.3518518518518
506613 164607 89.3518518518518


93469 685626 89.6341463414634
93776 685303 89.6341463414634


685303 93776 89.6341463414634
685626 93469 89.6341463414634


166802 470849 89.7121861604409
168417 469293 89.7121861604409


166802 491956 89.7121861604409
168417 490400 89.7121861604409


166802 504908 89.7121861604409
168417 503352 89.7121861604409


469293 168417 89.7121861604409
470849 166802 89.7121861604409


490400 168417 89.7121861604409
491956 166802 89.7121861604409


503352 168417 89.7121861604409
504908 166802 89.7121861604409


165713 646429 89.7435897435898
165868 646274 89.7435897435898


646274 165868 89.7435897435898
646429 165713 89.7435897435898


163311 506614 89.8617511520737
163524 506398 89.8617511520737


163311 472556 89.8617511520737
163524 472340 89.8617511520737


163311 493663 89.8617511520737
163524 493447 89.8617511520737


472340 163524 89.8617511520737
472556 163311 89.8617511520737


493447 163524 89.8617511520737
493663 163311 89.8617511520737


506398 163524 89.8617511520737
506614 163311 89.8617511520737


370179 203684 89.8648648648649
370323 203540 89.8648648648649


393631 203684 89.8648648648649
393775 203540 89.8648648648649


577923 203684 89.8648648648649
578067 203540 89.8648648648649


203540 393775 89.9328859060403
203684 393631 89.9328859060403


203540 578067 89.9328859060403
203684 577923 89.9328859060403


203540 370323 89.9328859060403
203684 370179 89.9328859060403


2178242 3060542 90
2178491 3060297 90


3060297 2178491 90
3060542 2178242 90


166802 527187 90.0244798041616
168417 525623 90.0244798041616


525623 168417 90.0244798041616
527187 166802 90.0244798041616


164607 446479 90.0900900900901
164825 446258 90.0900900900901


446258 164825 90.0900900900901
446479 164607 90.0900900900901


92932 685859 90.1840490797546
93091 685700 90.1840490797546


3629212 5131503 90.1988636363636
3629894 5130800 90.1988636363636


5130800 3629894 90.1988636363636
5131503 3629212 90.1988636363636


685700 93091 90.2439024390244
685860 92931 90.2439024390244


196812 395022 90.3083700440529
197034 394800 90.3083700440529


196812 371569 90.3083700440529
197034 371347 90.3083700440529


196812 579314 90.3083700440529
197034 579092 90.3083700440529


371347 197034 90.3083700440529
371569 196812 90.3083700440529


394800 197034 90.3083700440529
395022 196812 90.3083700440529


579092 197034 90.3083700440529
579314 196812 90.3083700440529


166245 527505 90.3225806451613
166486 527258 90.3225806451613


527258 166486 90.3225806451613
527505 166245 90.3225806451613


163311 446480 90.5829596412556
163531 446258 90.5829596412556


446258 163531 90.5829596412556
446480 163311 90.5829596412556


4441925 5575815 90.5882352941177
4442176 5575563 90.5882352941177


240032 4400296 90.6976744186046
240375 4399957 90.6976744186046


4399957 240375 90.6976744186046
4400296 240032 90.6976744186046


166802 344274 90.7701711491442
168417 342678 90.7701711491442


342678 168417 90.7701711491442
344274 166802 90.7701711491442


166802 374881 90.8221797323136
168361 373355 90.8221797323136


166802 398334 90.8221797323136
168361 396808 90.8221797323136


166802 582625 90.8221797323136
168361 581099 90.8221797323136


373355 168361 90.8221797323136
374881 166802 90.8221797323136


396808 168361 90.8221797323136
398334 166802 90.8221797323136


581099 168361 90.8221797323136
582625 166802 90.8221797323136


166802 645571 90.8756889161053
168417 643987 90.8756889161053


643987 168417 90.8756889161053
645571 166802 90.8756889161053


164607 351104 91.0798122065728
164819 350892 91.0798122065728


350892 164819 91.0798122065728
351104 164607 91.0798122065728


166245 582940 91.1290322580645
166486 582694 91.1290322580645


582694 166486 91.1290322580645
582940 166245 91.1290322580645


166802 423200 91.3265306122449
168361 421675 91.3265306122449


421675 168361 91.3265306122449
423200 166802 91.3265306122449


166802 444180 91.3971539456662
168340 442681 91.3971539456662


442681 168340 91.3971539456662
444180 166802 91.3971539456662


1287762 4400312 91.4835164835165
1288124 4399951 91.4835164835165


4399951 1288124 91.4835164835165
4400312 1287762 91.4835164835165


166245 645935 91.5322580645161
166486 645688 91.5322580645161


166245 423564 91.5322580645161
166486 423317 91.5322580645161


166245 344592 91.5322580645161
166486 344345 91.5322580645161


166245 398650 91.5322580645161
166486 398403 91.5322580645161


166245 375197 91.5322580645161
166486 374950 91.5322580645161


166245 444544 91.5322580645161
166486 444297 91.5322580645161


344345 166486 91.5322580645161
344592 166245 91.5322580645161


374950 166486 91.5322580645161
375197 166245 91.5322580645161


398403 166486 91.5322580645161
398650 166245 91.5322580645161


423317 166486 91.5322580645161
423564 166245 91.5322580645161


444297 166486 91.5322580645161
444544 166245 91.5322580645161


645688 166486 91.5322580645161
645935 166245 91.5322580645161


163311 351105 91.588785046729
163524 350892 91.588785046729


350892 163524 91.588785046729
351105 163311 91.588785046729


5575563 4442176 91.8918918918919
5575746 4441993 91.8918918918919


760673 2946818 91.9354838709677
760858 2946633 91.9354838709677


2946633 760858 91.9354838709677
2946818 760673 91.9354838709677


4441509 5575815 92.0634920634921
4441695 5575628 92.0634920634921


5575628 4441695 92.0634920634921
5575815 4441509 92.0634920634921


761059 2946631 92.0792079207921
761260 2946430 92.0792079207921


2946430 761260 92.0792079207921
2946631 761059 92.0792079207921


164607 614206 92.3611111111111
164750 614064 92.3611111111111


614064 164750 92.3611111111111
614206 164607 92.3611111111111


163311 614207 92.4137931034483
163455 614064 92.4137931034483


614064 163455 92.4137931034483
614207 163311 92.4137931034483


90454 432851 92.6507856056766
92364 430891 92.6507856056766


430891 92364 92.6507856056766
432851 90454 92.6507856056766


90461 514536 92.7735368956743
92364 512587 92.7735368956743


512587 92364 92.7735368956743
514536 90461 92.7735368956743


2945822 2947420 92.910447761194
2947420 2945822 92.910447761194


164607 560857 93.0555555555556
164750 560714 93.0555555555556


164607 535306 93.0555555555556
164750 535163 93.0555555555556


535163 164750 93.0555555555556
535306 164607 93.0555555555556


560714 164750 93.0555555555556
560857 164607 93.0555555555556


163311 535307 93.1034482758621
163455 535163 93.1034482758621


163311 560858 93.1034482758621
163455 560714 93.1034482758621


535163 163455 93.1034482758621
535307 163311 93.1034482758621


560714 163455 93.1034482758621
560858 163311 93.1034482758621


1775235 4421319 93.1192660550459
1775452 4421104 93.1192660550459


4421104 1775452 93.1192660550459
4421319 1775235 93.1192660550459


709940 1288186 93.143596377749
710711 1287418 93.143596377749


1287418 710711 93.143596377749
1288186 709940 93.143596377749


514855 1288187 93.28165374677
515627 1287418 93.28165374677


1287418 515627 93.28165374677
1288187 514855 93.28165374677


166031 505475 93.5483870967742
166151 505352 93.5483870967742


166031 492523 93.5483870967742
166151 492400 93.5483870967742


166031 471416 93.5483870967742
166151 471293 93.5483870967742


471293 166151 93.5483870967742
471416 166031 93.5483870967742


492400 166151 93.5483870967742
492523 166031 93.5483870967742


505352 166151 93.5483870967742
505475 166031 93.5483870967742


1775234 4437879 93.6073059360731
1775452 4437663 93.6073059360731


4437663 1775452 93.6073059360731
4437879 1775234 93.6073059360731


168053 660138 93.6619718309859
168194 659997 93.6619718309859


659997 168194 93.6619718309859
660138 168053 93.6619718309859


166028 530865 93.7007874015748
166151 530739 93.7007874015748


166028 349975 93.7007874015748
166151 349849 93.7007874015748


349849 166151 93.7007874015748
349975 166028 93.7007874015748


530739 166151 93.7007874015748
530865 166028 93.7007874015748


170843 4357540 93.8356164383562
170988 4357395 93.8356164383562


4357395 170988 93.8356164383562
4357540 170843 93.8356164383562


205789 476090 93.859649122807
205900 475977 93.859649122807


205789 637836 93.859649122807
205900 637723 93.859649122807


205789 454985 93.859649122807
205900 454872 93.859649122807


205789 519472 93.859649122807
205900 519359 93.859649122807


205789 497201 93.859649122807
205900 497088 93.859649122807


454872 205900 93.859649122807
454985 205789 93.859649122807


475977 205900 93.859649122807
476090 205789 93.859649122807


497088 205900 93.859649122807
497201 205789 93.859649122807


519359 205900 93.859649122807
519472 205789 93.859649122807


637723 205900 93.859649122807
637836 205789 93.859649122807


90621 595378 93.9669891861127
92364 593656 93.9669891861127


90461 687764 93.9677587103484
92348 685859 93.9677587103484


685859 92348 93.9677587103484
687764 90461 93.9677587103484


593656 92364 93.9704209328783
595378 90621 93.9704209328783


4447198 5157974 94.1558441558442
4447351 5157821 94.1558441558442


5157821 4447351 94.1558441558442
5157974 4447198 94.1558441558442


192130 2027422 94.6428571428571
192241 2027311 94.6428571428571


1569606 1984487 94.6428571428571
1569717 1984376 94.6428571428571


1984376 1569717 94.6428571428571
1984487 1569606 94.6428571428571


2027311 192241 94.6428571428571
2027422 192130 94.6428571428571


90621 383450 94.6772366930917
92364 381702 94.6772366930917


381702 92364 94.6772366930917
383450 90621 94.6772366930917


204803 608021 94.7368421052632
204952 607872 94.7368421052632


607872 204952 94.7368421052632
608021 204803 94.7368421052632


90621 620841 95.1302378255946
92364 619081 95.1302378255946


619081 92364 95.1302378255946
620841 90621 95.1302378255946


166028 444803 95.1612903225807
166151 444680 95.1612903225807


444680 166151 95.1612903225807
444803 166028 95.1612903225807


155549 170988 95.2054794520548
155694 170843 95.2054794520548


170843 155694 95.2054794520548
170988 155549 95.2054794520548


90621 591273 95.2407932011331
92364 589517 95.2407932011331


589517 92364 95.2407932011331
591273 90621 95.2407932011331


90621 406989 95.3001132502831
92364 405229 95.3001132502831


90621 567709 95.3001132502831
92364 565949 95.3001132502831


405229 92364 95.3001132502831
406989 90621 95.3001132502831


565949 92364 95.3001132502831
567709 90621 95.3001132502831


204803 416509 95.3333333333333
204952 416361 95.3333333333333


416361 204952 95.3333333333333
416509 204803 95.3333333333333


90621 541960 95.356738391846
92364 540197 95.356738391846


540197 92364 95.356738391846
541960 90621 95.356738391846


205789 554455 95.6140350877193
205900 554342 95.6140350877193


554342 205900 95.6140350877193
554455 205789 95.6140350877193


90621 357716 95.7013574660634
92364 355951 95.7013574660634


355951 92364 95.7013574660634
357716 90621 95.7013574660634


170843 1886754 95.8904109589041
170988 1886610 95.8904109589041


1886610 170988 95.8904109589041
1886754 170843 95.8904109589041


166028 423819 95.9677419354839
166151 423696 95.9677419354839


166028 398905 95.9677419354839
166151 398782 95.9677419354839


166028 375452 95.9677419354839
166151 375329 95.9677419354839


166028 583195 95.9677419354839
166151 583072 95.9677419354839


166028 646190 95.9677419354839
166151 646067 95.9677419354839


375329 166151 95.9677419354839
375452 166028 95.9677419354839


398782 166151 95.9677419354839
398905 166028 95.9677419354839


423696 166151 95.9677419354839
423819 166028 95.9677419354839


583072 166151 95.9677419354839
583195 166028 95.9677419354839


646067 166151 95.9677419354839
646190 166028 95.9677419354839


204803 455197 96
204952 455048 96


204803 476302 96
204952 476153 96


204803 519684 96
204952 519535 96


204803 497413 96
204952 497264 96


204803 638048 96
204952 637899 96


455048 204952 96
455197 204803 96


476153 204952 96
476302 204803 96


497264 204952 96
497413 204803 96


519535 204952 96
519684 204803 96


637899 204952 96
638048 204803 96


760638 761295 96
760912 761021 96


761021 760912 96
761295 760638 96


204852 610751 96.1038961038961
205081 610521 96.1038961038961


204852 557399 96.1038961038961
205081 557169 96.1038961038961


557169 205081 96.1038961038961
557399 204852 96.1038961038961


610521 205081 96.1038961038961
610751 204852 96.1038961038961


192130 1984487 96.4285714285714
192241 1984376 96.4285714285714


204131 417226 96.4285714285714
204242 417115 96.4285714285714


417115 204242 96.4285714285714
417226 204131 96.4285714285714


1984376 192241 96.4285714285714
1984487 192130 96.4285714285714


204803 369103 96.6666666666667
204952 368955 96.6666666666667


204803 576848 96.6666666666667
204952 576700 96.6666666666667


204803 554667 96.6666666666667
204952 554519 96.6666666666667


204803 392555 96.6666666666667
204952 392407 96.6666666666667


368955 204952 96.6666666666667
369103 204803 96.6666666666667


392407 204952 96.6666666666667
392555 204803 96.6666666666667


554519 204952 96.6666666666667
554667 204803 96.6666666666667


576700 204952 96.6666666666667
576848 204803 96.6666666666667


2725179 2758652 96.6887417218543
2725328 2758502 96.6887417218543


2758502 2725328 96.6887417218543
2758652 2725179 96.6887417218543


177966 4468498 97.3333333333333
178039 4468424 97.3333333333333


184388 4468498 97.3333333333333
184461 4468424 97.3333333333333


4468424 184461 97.3333333333333
4468498 184388 97.3333333333333


4468424 178039 97.3333333333333
4468498 177966 97.3333333333333


3970923 4468498 97.4025974025974
3970999 4468422 97.4025974025974


4468422 3970999 97.4025974025974
4468498 3970923 97.4025974025974


2734457 2758697 97.4489795918367
2734652 2758502 97.4489795918367


2758502 2734652 97.4489795918367
2758697 2734457 97.4489795918367


2733988 2749725 98.5185185185185
2734122 2749591 98.5185185185185


2749591 2734122 98.5185185185185
2749725 2733988 98.5185185185185


2019175 2411344 100
2019246 2411273 100


2411273 2019246 100
2411344 2019175 100


