#-- forward hits sorted by %sim
0 0 0
0 0 0


1240219 1240219 59.4444444444444
1240398 1240398 59.4444444444444


190254 199544 70.189701897019
190587 199911 70.189701897019


199544 190254 70.189701897019
199911 190587 70.189701897019


1244126 1244126 74.468085106383
1244360 1244360 74.468085106383


146044 146044 79.2713567839196
146839 146839 79.2713567839196


190252 190252 80.7121661721068
190588 190588 80.7121661721068


788830 788830 82.2637106184364
789686 789686 82.2637106184364


199544 199544 82.3848238482385
199912 199912 82.3848238482385


295641 328303 82.6797385620915
296241 328901 82.6797385620915


328303 295641 82.6797385620915
328901 296241 82.6797385620915


345103 386400 82.8767123287671
346219 387539 82.8767123287671


386400 345103 82.8767123287671
387539 346219 82.8767123287671


345187 472043 83.1822759315206
346128 473028 83.1822759315206


472043 345187 83.1822759315206
473028 346128 83.1822759315206


481053 487829 83.2967032967033
481497 488268 83.2967032967033


487829 481053 83.2967032967033
488268 481497 83.2967032967033


1210100 1210100 83.2976445396146
1210566 1210566 83.2976445396146


804376 804376 83.3759590792839
804766 804766 83.3759590792839


328303 344546 84.0028188865398
329697 345935 84.0028188865398


344546 328303 84.0028188865398
345935 329697 84.0028188865398


295612 481276 84.0490797546012
296241 481909 84.0490797546012


481276 295612 84.0490797546012
481909 296241 84.0490797546012


384868 386400 84.2465753424658
385998 387539 84.2465753424658


386400 384868 84.2465753424658
387539 385998 84.2465753424658


639929 639929 84.3023255813954
640272 640272 84.3023255813954


438913 481073 84.6031746031746
440746 482934 84.6031746031746


481073 438913 84.6031746031746
482934 440746 84.6031746031746


386400 439677 84.6615252784919
387539 440837 84.6615252784919


439677 386400 84.6615252784919
440837 387539 84.6615252784919


328303 384326 84.8270995059986
329697 385714 84.8270995059986


384326 328303 84.8270995059986
385714 329697 84.8270995059986


295725 444861 84.952380952381
296241 445370 84.952380952381


444861 295725 84.952380952381
445370 296241 84.952380952381


1067648 1067648 84.958217270195
1068365 1068365 84.958217270195


344383 351667 84.9968612680477
345935 353238 84.9968612680477


351667 344383 84.9968612680477
353238 345935 84.9968612680477


295612 447810 85.1919561243144
296136 448350 85.1919561243144


447810 295612 85.1919561243144
448350 296136 85.1919561243144


344340 481103 85.2251109701966
345882 482657 85.2251109701966


481103 344340 85.2251109701966
482657 345882 85.2251109701966


1230812 1230812 85.252808988764
1231523 1231523 85.252808988764


31735 31735 85.2579852579853
32141 32141 85.2579852579853


505369 478412 85.3051058530511
506945 480012 85.3051058530511


1206046 1206561 85.3146853146853
1206322 1206836 85.3146853146853


1206561 1206046 85.3146853146853
1206836 1206322 85.3146853146853


438912 447605 85.6041131105398
439286 447984 85.6041131105398


447605 438912 85.6041131105398
447984 439286 85.6041131105398


477982 481059 85.6617647058823
479858 482934 85.6617647058823


481059 477982 85.6617647058823
482934 479858 85.6617647058823


331077 435132 85.7142857142857
331950 436002 85.7142857142857


435132 331077 85.7142857142857
436002 331950 85.7142857142857


289340 295612 85.7585139318885
289966 296241 85.7585139318885


295612 289340 85.7585139318885
296241 289966 85.7585139318885


435132 474211 85.8888888888889
436027 475109 85.8888888888889


474211 435132 85.8888888888889
475109 436027 85.8888888888889


447593 477983 85.9375
448350 478728 85.9375


477983 447593 85.9375
478728 448350 85.9375


289165 344340 85.9509202453988
290767 345935 85.9509202453988


344340 289165 85.9509202453988
345935 290767 85.9509202453988


386400 478789 85.958904109589
387539 479949 85.958904109589


478789 386400 85.958904109589
479949 387539 85.958904109589


351667 478070 85.9857482185273
353327 479724 85.9857482185273


478070 351667 85.9940652818991
479724 353327 85.9940652818991


328474 439289 86.0544217687075
329921 440746 86.0544217687075


439289 328474 86.0544217687075
440746 329921 86.0544217687075


328415 478342 86.0693263570961
329921 479858 86.0693263570961


478342 328415 86.0693263570961
479858 329921 86.0693263570961


447588 487829 86.1233480176212
448031 488268 86.1233480176212


487829 447588 86.1233480176212
488268 448031 86.1233480176212


344629 444860 86.2382116660845
347422 447681 86.2382116660845


444860 344629 86.2382116660845
447681 347422 86.2382116660845


289211 438989 86.2826603325416
290868 440624 86.2826603325416


438989 289211 86.2826603325416
440624 290868 86.2826603325416


292120 435135 86.2876254180602
293015 436027 86.2876254180602


435135 292120 86.2876254180602
436027 293015 86.2876254180602


1206046 1206219 86.4485981308411
1206665 1206836 86.4485981308411


384097 481079 86.4684466019417
385714 482710 86.4684466019417


481079 384097 86.4684466019417
482710 385714 86.4684466019417


352009 439288 86.5026099925429
353331 440616 86.5026099925429


439288 352009 86.5026099925429
440616 353331 86.5026099925429


344340 438943 86.5250475586557
347422 442065 86.5250475586557


438943 344340 86.5250475586557
442065 347422 86.5250475586557


351667 384164 86.5360303413401
353238 385714 86.5360303413401


384164 351667 86.5360303413401
385714 353238 86.5360303413401


384952 472043 86.6059817945384
385714 472804 86.6059817945384


472043 384952 86.6059817945384
472804 385714 86.6059817945384


344340 447635 86.6108786610879
345041 448349 86.6108786610879


447635 344340 86.6108786610879
448349 345041 86.6108786610879


344726 505369 86.6558177379984
345935 506579 86.6558177379984


505369 344726 86.6558177379984
506579 345935 86.6558177379984


1165850 1165850 86.6666666666667
1166299 1166299 86.6666666666667


1206219 1206046 86.8811881188119
1206608 1206433 86.8811881188119


435132 484098 86.8888888888889
436027 484996 86.8888888888889


484098 435132 86.8888888888889
484996 436027 86.8888888888889


352390 386397 86.8923611111111
353505 387530 86.8923611111111


386397 352390 86.8923611111111
387530 353505 86.8923611111111


439761 472043 86.8951612903226
440746 473028 86.8951612903226


472043 439761 86.8951612903226
473028 440746 86.8951612903226


472043 478873 87.1975806451613
473028 479858 87.1975806451613


478873 472043 87.1975806451613
479858 473028 87.1975806451613


439300 505369 87.3046875
440828 506881 87.3046875


505369 439300 87.3046875
506881 440828 87.3046875


386400 445326 87.3179091688089
387539 446491 87.3179091688089


445326 386400 87.3179091688089
446491 387539 87.3179091688089


448027 505369 87.3456790123457
448350 505685 87.3456790123457


505369 448027 87.3456790123457
505685 448350 87.3456790123457


289211 478073 87.3590504451039
290868 479736 87.3590504451039


478073 289211 87.3590504451039
479736 290868 87.3590504451039


318379 386441 87.4087591240876
319470 387512 87.4087591240876


386441 318379 87.4087591240876
387512 319470 87.4087591240876


384097 447612 87.4163319946452
384822 448350 87.4163319946452


447612 384097 87.4163319946452
448350 384822 87.4163319946452


289116 487829 87.4720357941834
289553 488267 87.4720357941834


487829 289116 87.4720357941834
488267 289553 87.4720357941834


533067 539483 87.5609756097561
533476 539872 87.5609756097561


539483 533067 87.5609756097561
539872 533476 87.5609756097561


478412 505369 87.6140808344198
479940 506881 87.6140808344198


344340 478027 87.8149920255184
347422 481149 87.8149920255184


478027 344340 87.8149920255184
481149 347422 87.8149920255184


318379 384909 87.8980891719745
319472 385973 87.8980891719745


384909 318379 87.8980891719745
385973 319472 87.8980891719745


289141 384097 87.9363135333742
290759 385706 87.9363135333742


384097 289141 87.9363135333742
385706 290759 87.9363135333742


384506 505369 88.2594417077176
385714 506579 88.2594417077176


505369 384506 88.2594417077176
506579 385714 88.2594417077176


384412 444863 88.3222845486996
386321 446814 88.3222845486996


444863 384412 88.3222845486996
446814 386321 88.3222845486996


328854 386397 88.5474860335195
329921 387452 88.5474860335195


386397 328854 88.5474860335195
387452 329921 88.5474860335195


278385 286665 88.5496183206107
279165 287443 88.5496183206107


286665 278385 88.5496183206107
287443 279165 88.5496183206107


318379 345144 88.5749385749386
319186 345938 88.5749385749386


345144 318379 88.5749385749386
345938 319186 88.5749385749386


295821 505369 88.6255924170616
296241 505778 88.6255924170616


505369 295821 88.6255924170616
505778 296241 88.6255924170616


441971 487829 88.673139158576
442276 488137 88.673139158576


487829 441971 88.673139158576
488137 442276 88.673139158576


318387 328903 88.7365328109696
319406 329921 88.7365328109696


328903 318387 88.7365328109696
329921 319406 88.7365328109696


318422 472043 88.7537993920973
319406 473028 88.7537993920973


472043 318422 88.7537993920973
473028 319406 88.7537993920973


386483 472043 88.7651821862348
387452 473028 88.7651821862348


472043 386483 88.7765419615774
473028 387452 88.7765419615774


344340 384121 88.7787291572781
346542 386321 88.7787291572781


384121 344340 88.7787291572781
386321 346542 88.7787291572781


386397 481862 88.9199255121043
387452 482934 88.9199255121043


481862 386397 88.9199255121043
482934 387452 88.9199255121043


445410 472043 89.0231621349446
446400 473028 89.0231621349446


472043 445410 89.0231621349446
473028 446400 89.0231621349446


328360 444826 89.0436985433819
329921 446400 89.0436985433819


444826 328360 89.0436985433819
446400 329921 89.0436985433819


318379 481906 89.1156462585034
319406 482934 89.1156462585034


481906 318379 89.1156462585034
482934 319406 89.1156462585034


318379 505775 89.2040256175663
319470 506863 89.2040256175663


505775 318379 89.2040256175663
506863 319470 89.2040256175663


441973 477979 89.2857142857143
442276 478285 89.2857142857143


477979 441973 89.2857142857143
478285 442276 89.2857142857143


685083 696869 89.4075403949731
685639 697416 89.4075403949731


696869 685083 89.4075403949731
697416 685639 89.4075403949731


318379 352434 89.432703003337
319277 353332 89.432703003337


352434 318379 89.432703003337
353332 319277 89.432703003337


1114403 1185060 89.5348837209302
1114573 1185230 89.5348837209302


1185060 1114403 89.5348837209302
1185230 1114573 89.5348837209302


352021 505369 89.5394736842105
353505 506881 89.5394736842105


505369 352021 89.5394736842105
506881 353505 89.5394736842105


444955 505369 89.6078431372549
446482 506881 89.6078431372549


505369 444955 89.6078431372549
506881 446482 89.6078431372549


344340 442019 89.6153846153846
344599 442276 89.6153846153846


442019 344340 89.6153846153846
442276 344599 89.6153846153846


384097 438919 89.6566901408451
386321 441160 89.6566901408451


438919 384097 89.6566901408451
441160 386321 89.6566901408451


318379 439718 89.7179253867152
319472 440812 89.7179253867152


439718 318379 89.7179253867152
440812 319472 89.7179253867152


439288 444943 89.7239773860991
442276 447892 89.7239773860991


444943 439288 89.7239773860991
447892 442276 89.7239773860991


351877 444818 89.7400820793434
353332 446271 89.7400820793434


444818 351877 89.7400820793434
446271 353332 89.7400820793434


438916 441993 89.8954703832753
439202 442276 89.8954703832753


441993 438916 89.8954703832753
442276 439202 89.8954703832753


291167 446621 89.9628252788104
291430 446888 89.9628252788104


446621 291167 89.9628252788104
446888 291430 89.9628252788104


387671 446621 90
387936 446888 90


446621 387671 90
446888 387936 90


289439 444846 90.041782729805
290868 446278 90.041782729805


444846 289439 90.041782729805
446278 290868 90.041782729805


444823 481359 90.1390644753477
446400 482934 90.1390644753477


481359 444823 90.1390644753477
482934 446400 90.1390644753477


351667 487921 90.1408450704225
351877 488133 90.1408450704225


487921 351667 90.1408450704225
488133 351877 90.1408450704225


444860 478315 90.1476433844407
448350 481816 90.1476433844407


478315 444860 90.1476433844407
481816 448350 90.1476433844407


1243011 1243011 90.1669758812616
1243549 1243549 90.1669758812616


291167 440967 90.188679245283
291425 441230 90.188679245283


440967 291167 90.188679245283
441230 291425 90.188679245283


319523 440927 90.1960784313726
320783 442200 90.1960784313726


440927 319523 90.1960784313726
442200 320783 90.1960784313726


328303 447839 90.234375
328808 448350 90.234375


447839 328303 90.234375
448350 328808 90.234375


319563 346349 90.2394106813996
320648 347422 90.2394106813996


346349 319563 90.2394106813996
347422 320648 90.2394106813996


289919 386397 90.3259726603575
290868 387329 90.3259726603575


386397 289919 90.3259726603575
387329 290868 90.3259726603575


291167 346349 90.3345724907063
291430 346616 90.3345724907063


346349 291167 90.3345724907063
346616 291430 90.3345724907063


384097 478002 90.3651561812582
386321 480272 90.3651561812582


478002 384097 90.3651561812582
480272 386321 90.3651561812582


387671 440967 90.4059040590406
387936 441236 90.4059040590406


440967 387671 90.4059040590406
441236 387936 90.4059040590406


328303 351828 90.4318936877076
329791 353332 90.4318936877076


351828 328303 90.4318936877076
353332 329791 90.4318936877076


319520 480036 90.5854430379747
320779 481279 90.5854430379747


480036 319520 90.5854430379747
481279 320779 90.5854430379747


1206047 1206387 90.5908096280088
1206500 1206836 90.5908096280088


1206387 1206047 90.5908096280088
1206836 1206500 90.5908096280088


438912 477995 90.6599882144962
442273 481355 90.6599882144962


477995 438912 90.6599882144962
481355 442273 90.6599882144962


318379 478830 90.7188353048226
319472 479924 90.7188353048226


478830 318379 90.7188353048226
479924 319472 90.7188353048226


346349 387671 90.7407407407407
346616 387936 90.7407407407407


387671 346349 90.7407407407407
387936 346616 90.7407407407407


289963 318379 90.7590759075908
290871 319287 90.7590759075908


318379 289963 90.7590759075908
319287 290871 90.7590759075908


386397 505731 90.7986111111111
387530 506881 90.7986111111111


505731 386397 90.7986111111111
506881 387530 90.7986111111111


319563 353636 90.8396946564885
319823 353893 90.8396946564885


353636 319563 90.8396946564885
353893 319823 90.8396946564885


328485 505369 90.8460471567268
329921 506803 90.8460471567268


505369 328485 90.8460471567268
506803 329921 90.8460471567268


352477 472043 90.8564814814815
353339 472905 90.8564814814815


472043 352477 90.8564814814815
472905 353339 90.8564814814815


481493 505369 90.9153952843273
482934 506803 90.9153952843273


505369 481493 90.9153952843273
506803 482934 90.9153952843273


289369 328303 91.0179640718563
290865 329795 91.0179640718563


328303 289369 91.0179640718563
329795 290865 91.0179640718563


291167 480079 91.0780669144982
291430 480346 91.0780669144982


480079 291167 91.0780669144982
480346 291430 91.0780669144982


387671 480079 91.1111111111111
387936 480346 91.1111111111111


480079 387671 91.1111111111111
480346 387936 91.1111111111111


295612 344517 91.1251980982567
296241 345147 91.1251980982567


344517 295612 91.1251980982567
345147 296241 91.1251980982567


319520 446578 91.1532385466035
320783 447816 91.1532385466035


446578 319520 91.1532385466035
447816 320783 91.1532385466035


384097 441996 91.1660777385159
384378 442275 91.1660777385159


441996 384097 91.1660777385159
442275 384378 91.1660777385159


342589 486147 91.1764705882353
344048 487580 91.1764705882353


486147 342589 91.1764705882353
487580 344048 91.1764705882353


346349 353636 91.2213740458015
346609 353893 91.2213740458015


353636 346349 91.2213740458015
353893 346609 91.2213740458015


328303 481305 91.2269938650307
329921 482934 91.2269938650307


481305 328303 91.2269938650307
482934 329921 91.2269938650307


444823 447893 91.2472647702407
445276 448349 91.2472647702407


447893 444823 91.2472647702407
448349 445276 91.2472647702407


353636 440967 91.254752851711
353893 441228 91.254752851711


440967 353636 91.254752851711
441228 353893 91.254752851711


295612 478203 91.283676703645
296241 478833 91.283676703645


478203 295612 91.283676703645
478833 296241 91.283676703645


328938 472043 91.2867274569402
329921 473028 91.2867274569402


472043 328938 91.2867274569402
473028 329921 91.2867274569402


294166 342582 91.371158392435
295008 343425 91.371158392435


342582 294166 91.371158392435
343425 295008 91.371158392435


472043 481949 91.3880445795339
473028 482934 91.3880445795339


481949 472043 91.3880445795339
482934 473028 91.3880445795339


330039 446530 91.3888888888889
330393 446887 91.3888888888889


446530 330039 91.3888888888889
446887 330393 91.3888888888889


351667 438986 91.5492957746479
351877 439198 91.5492957746479


438986 351667 91.5492957746479
439198 351877 91.5492957746479


351667 447678 91.5929203539823
352344 448350 91.5929203539823


447678 351667 91.5929203539823
448350 352344 91.5929203539823


330039 440876 91.5966386554622
330389 441230 91.5966386554622


440876 330039 91.5966386554622
441230 330389 91.5966386554622


353636 446621 91.6030534351145
353893 446881 91.6030534351145


446621 353636 91.6030534351145
446881 353893 91.6030534351145


342582 382679 91.6051660516605
343665 383760 91.6051660516605


382679 342582 91.6051660516605
383760 343665 91.6051660516605


1188122 1188122 91.6362159967519
1190584 1190584 91.6362159967519


330039 386037 91.6376306620209
330320 386321 91.6376306620209


386037 330039 91.6376306620209
386321 330320 91.6376306620209


330039 479988 91.6666666666667
330393 480345 91.6666666666667


479988 330039 91.6666666666667
480345 330393 91.6666666666667


330130 346349 91.7910447761194
330393 346615 91.7910447761194


346349 330130 91.7910447761194
346615 330393 91.7910447761194


435131 435131 91.8617614269788
436027 436027 91.8617614269788


289208 351667 91.8703808982376
290954 353425 91.8703808982376


351667 289208 91.8703808982376
353425 290954 91.8703808982376


472043 505818 91.8946301925025
473028 506803 91.8946301925025


505818 472043 91.8946301925025
506803 473028 91.8946301925025


351667 481146 91.8967587034814
353332 482804 91.8967587034814


481146 351667 91.8967587034814
482804 353332 91.8967587034814


289555 505374 91.9330289193303
290868 506680 91.9330289193303


505374 289555 91.9330289193303
506680 290868 91.9330289193303


666002 667117 91.9368974583698
667114 668257 91.9368974583698


667117 666002 91.9368974583698
668257 667114 91.9368974583698


289072 447544 91.9653893695921
289873 448350 91.9653893695921


447544 289072 91.9653893695921
448350 289873 91.9653893695921


353636 480079 91.9847328244275
353893 480339 91.9847328244275


480079 353636 91.9847328244275
480339 353893 91.9847328244275


318379 445367 92.0909090909091
319472 446466 92.0909090909091


445367 318379 92.0909090909091
446466 319472 92.0909090909091


1113670 1113670 92.1888412017167
1114834 1114834 92.1888412017167


295612 384296 92.212389380531
296174 384860 92.212389380531


384296 295612 92.212389380531
384860 296174 92.212389380531


446621 473257 92.2222222222222
446888 473524 92.2222222222222


473257 446621 92.2222222222222
473524 446888 92.2222222222222


289072 481009 92.2308546059933
290865 482808 92.2308546059933


481009 289072 92.2308546059933
482808 290865 92.2308546059933


386085 483100 92.436974789916
386321 483334 92.436974789916


483100 386085 92.436974789916
483334 386321 92.436974789916


290006 472043 92.4768518518518
290868 472905 92.4768518518518


472043 290006 92.4768518518518
472905 290868 92.4768518518518


319520 483100 92.5081433224756
319825 483403 92.5081433224756


483100 319520 92.5081433224756
483403 319825 92.5081433224756


702128 702128 92.5252525252525
703117 703117 92.5252525252525


319563 473257 92.5925925925926
319830 473524 92.5925925925926


346349 473257 92.5925925925926
346616 473524 92.5925925925926


473257 346349 92.5925925925926
473524 346616 92.5925925925926


473257 480079 92.5925925925926
473524 480346 92.5925925925926


473257 319563 92.5925925925926
473524 319830 92.5925925925926


480079 473257 92.5925925925926
480346 473524 92.5925925925926


779014 779014 92.6204819277108
779677 779677 92.6204819277108


289074 347285 92.7536231884058
289211 347422 92.7536231884058


347285 289074 92.7536231884058
347422 289211 92.7536231884058


346349 483143 92.8030303030303
346611 483403 92.8030303030303


483143 346349 92.8030303030303
483403 346611 92.8030303030303


331784 372456 92.814371257485
331950 372622 92.814371257485


372456 331784 92.814371257485
372622 331950 92.814371257485


1093292 1093292 92.8176795580111
1093834 1093834 92.8176795580111


446578 483100 92.8338762214984
446883 483403 92.8338762214984


483100 446578 92.8338762214984
483403 446883 92.8338762214984


328806 450480 92.8571428571429
328942 450619 92.8571428571429


450480 328806 92.8571428571429
450619 328942 92.8571428571429


450480 481814 92.8571428571429
450619 481953 92.8571428571429


481814 450480 92.8571428571429
481953 450619 92.8571428571429


342582 437184 92.8620928620929
344023 438626 92.8620928620929


437184 342582 92.8620928620929
438626 344023 92.8620928620929


330592 390818 92.8861788617886
331080 391309 92.8861788617886


390818 330592 92.8861788617886
391309 331080 92.8861788617886


342582 476269 92.9155313351499
344048 477735 92.9155313351499


476269 342582 92.9155313351499
477735 344048 92.9155313351499


319520 330087 92.9260450160772
319829 330393 92.9260450160772


330087 319520 92.9260450160772
330393 319829 92.9260450160772


1263036 1263036 92.9637526652452
1263504 1263504 92.9637526652452


382625 486088 92.9762949956102
383760 487196 92.9762949956102


486088 382625 92.9762949956102
487196 383760 92.9762949956102


472043 472043 93.0543187889581
473165 473165 93.0543187889581


353636 483143 93.1178310740355
354587 484101 93.1178310740355


483143 353636 93.1178310740355
484101 354587 93.1178310740355


480036 483100 93.1596091205212
480341 483403 93.1596091205212


483100 480036 93.1596091205212
483403 480341 93.1596091205212


291167 353636 93.1937172774869
292120 354587 93.1937172774869


353636 291167 93.1937172774869
354587 292120 93.1937172774869


145370 145370 93.3481152993348
145820 145820 93.3481152993348


440967 473257 93.3579335793358
441236 473524 93.3579335793358


473257 440967 93.3579335793358
473524 441236 93.3579335793358


387671 483143 93.4322033898305
388139 483614 93.4322033898305


483143 387671 93.4322033898305
483614 388139 93.4322033898305


295009 343591 93.4782608695652
295463 344048 93.4782608695652


343591 295009 93.4782608695652
344048 295463 93.4782608695652


330130 353636 93.5078534031414
331080 354587 93.5078534031414


353636 330130 93.5078534031414
354587 331080 93.5078534031414


384097 487854 93.5096153846154
384510 488268 93.5096153846154


487854 384097 93.5096153846154
488268 384510 93.5096153846154


353636 473257 93.6325678496868
354587 474214 93.6325678496868


473257 353636 93.6325678496868
474214 354587 93.6325678496868


533876 539870 93.7062937062937
534160 540154 93.7062937062937


539870 533876 93.7062937062937
540154 534160 93.7062937062937


354097 390818 93.7119675456389
354587 391309 93.7119675456389


390818 354097 93.7119675456389
391309 354587 93.7119675456389


1212662 1212662 93.7795807978364
1214140 1214140 93.7795807978364


980126 980126 93.7817258883249
980913 980913 93.7817258883249


440927 483103 93.7908496732026
441231 483404 93.7908496732026


483103 440927 93.7908496732026
483404 441231 93.7908496732026


291167 330130 93.8082191780822
292990 331950 93.8082191780822


330130 291167 93.8082191780822
331950 292990 93.8082191780822


330130 387671 93.816631130064
330596 388139 93.816631130064


353636 387671 93.816631130064
354101 388139 93.816631130064


387671 330130 93.816631130064
388139 330596 93.816631130064


387671 353636 93.816631130064
388139 354101 93.816631130064


291167 387671 93.8297872340426
291633 388139 93.8297872340426


387671 291167 93.8297872340426
388139 291633 93.8297872340426


344340 487878 93.8618925831202
344730 488268 93.8618925831202


487878 344340 93.8618925831202
488268 344730 93.8618925831202


438912 487847 93.8666666666667
439286 488221 93.8666666666667


487847 438912 93.8666666666667
488221 439286 93.8666666666667


295011 477279 93.8864628820961
295463 477735 93.8864628820961


477279 295011 93.8864628820961
477735 295463 93.8864628820961


330087 483100 93.9102564102564
331950 484971 93.9102564102564


483100 330087 93.9102564102564
484971 331950 93.9102564102564


291629 390818 93.9148073022312
292120 391309 93.9148073022312


390818 291629 93.9148073022312
391309 292120 93.9148073022312


477953 487805 93.9655172413793
478415 488267 93.9655172413793


487805 477953 93.9655172413793
488267 478415 93.9655172413793


291167 483143 93.9829605963791
293039 485019 93.9829605963791


483143 291167 93.9829605963791
485019 293039 93.9829605963791


295008 438192 94.0366972477064
295438 438626 94.0366972477064


438192 295008 94.0366972477064
438626 295438 94.0366972477064


476210 486088 94.0445026178011
477735 487580 94.0445026178011


486088 476210 94.0445026178011
487580 477735 94.0445026178011


1148723 1148723 94.0891472868217
1149754 1149754 94.0891472868217


390818 473723 94.1176470588235
391309 474214 94.1176470588235


473723 390818 94.1176470588235
474214 391309 94.1176470588235


576469 576469 94.12100456621
578220 578220 94.12100456621


291167 473257 94.177897574124
293017 475111 94.177897574124


473257 291167 94.177897574124
475111 293017 94.177897574124


289873 450482 94.2028985507246
290010 450619 94.2028985507246


450482 289873 94.2028985507246
450619 290010 94.2028985507246


372456 474918 94.3298969072165
372649 475111 94.3298969072165


474918 372456 94.3298969072165
475111 372649 94.3298969072165


437127 486088 94.3371085942705
438626 487555 94.3371085942705


486088 437127 94.3371085942705
487555 438626 94.3371085942705


295612 488055 94.3661971830986
295824 488267 94.3661971830986


488055 295612 94.3661971830986
488267 295824 94.3661971830986


387671 473257 94.47983014862
388139 473727 94.47983014862


473257 387671 94.47983014862
473727 388139 94.47983014862


330130 473257 94.5295404814004
331950 475084 94.5295404814004


473257 330130 94.5295404814004
475084 331950 94.5295404814004


289072 320509 94.5454545454545
289346 320783 94.5454545454545


320509 289072 94.5454545454545
320783 289346 94.5454545454545


295008 487121 94.5770065075922
295463 487580 94.5770065075922


487121 295008 94.5770065075922
487580 295463 94.5770065075922


295612 439120 94.6107784431138
295778 439286 94.6107784431138


439120 295612 94.6107784431138
439286 295778 94.6107784431138


473257 483143 94.6120689655172
475110 484997 94.6120689655172


483143 473257 94.6120689655172
484997 475110 94.6120689655172


1094450 1094450 94.6376811594203
1095139 1095139 94.6376811594203


390818 483610 94.7261663286004
391309 484101 94.7261663286004


483610 390818 94.7261663286004
484101 391309 94.7261663286004


372456 435837 94.7916666666667
372647 436027 94.7916666666667


435837 372456 94.7916666666667
436027 372647 94.7916666666667


1103449 1103449 94.9012109623964
1105017 1105017 94.9012109623964


1 1 94.9515553289138
1961 1961 94.9515553289138


320645 351667 94.9640287769784
320783 351805 94.9640287769784


351667 320645 94.9640287769784
351805 320783 94.9640287769784


885527 893841 95
886246 894560 95


893841 885527 95
894560 886246 95


289072 441927 95.1566951566952
289422 442276 95.1566951566952


441927 289072 95.1566951566952
442276 289422 95.1566951566952


534297 540292 95.2205882352941
534565 540563 95.2205882352941


540292 534297 95.2205882352941
540563 534565 95.2205882352941


867848 1132348 95.3020134228188
868145 1132645 95.3020134228188


1132348 867848 95.3020134228188
1132645 868145 95.3020134228188


319520 386085 95.3191489361702
319754 386319 95.3191489361702


386085 319520 95.3191489361702
386319 319754 95.3191489361702


184865 185015 95.364238410596
185015 185165 95.364238410596


185015 184865 95.364238410596
185165 185015 95.364238410596


809274 809274 95.389507154213
809902 809902 95.389507154213


382625 476210 95.5380577427822
383760 477351 95.5380577427822


476210 382625 95.5380577427822
477351 383760 95.5380577427822


877650 1132308 95.5621301775148
877986 1132645 95.5621301775148


1132308 877650 95.5621301775148
1132645 877986 95.5621301775148


867848 1122593 95.6375838926175
868145 1122890 95.6375838926175


1122593 867848 95.6375838926175
1122890 868145 95.6375838926175


352342 450480 95.6834532374101
352480 450618 95.6834532374101


450480 352342 95.6834532374101
450618 352480 95.6834532374101


450480 505683 95.7142857142857
450619 505822 95.7142857142857


505683 450480 95.7142857142857
505822 450619 95.7142857142857


292824 372456 95.8333333333333
293039 372670 95.8333333333333


372456 292824 95.8333333333333
372670 293039 95.8333333333333


877689 1122593 95.9731543624161
877986 1122890 95.9731543624161


1122593 877689 95.9731543624161
1122890 877986 95.9731543624161


214305 223747 96.0591133004926
214507 223949 96.0591133004926


223747 214305 96.0591133004926
223949 214507 96.0591133004926


46008 46008 96.0600375234522
46540 46540 96.0600375234522


289072 289072 96.1038961038961
291073 291073 96.1038961038961


294173 486147 96.1904761904762
295008 486983 96.1904761904762


351667 442062 96.1904761904762
351876 442271 96.1904761904762


442062 351667 96.1904761904762
442271 351876 96.1904761904762


486147 294173 96.1904761904762
486983 295008 96.1904761904762


1101175 1101175 96.2068965517241
1102044 1102044 96.2068965517241


382625 437127 96.2313759859772
383760 438267 96.2313759859772


437127 382625 96.2313759859772
438267 383760 96.2313759859772


351667 351667 96.2341663813762
354587 354587 96.2341663813762


50061 54961 96.2745098039216
50570 55470 96.2745098039216


54961 50061 96.2745098039216
55470 50570 96.2745098039216


318379 318379 96.2993762993763
320783 320783 96.2993762993763


294166 476269 96.3356973995272
295008 477111 96.3356973995272


476269 294166 96.3356973995272
477111 295008 96.3356973995272


342513 342513 96.3541666666667
344048 344048 96.3541666666667


1142850 1142850 96.385754583921
1148521 1148521 96.385754583921


437127 476210 96.404793608522
438626 477710 96.404793608522


476210 437127 96.404793608522
477710 438626 96.404793608522


1023187 1023187 96.454304133485
1028460 1028460 96.454304133485


344340 344340 96.6266623418748
347422 347422 96.6266623418748


791618 792598 96.7532467532468
791771 792751 96.7532467532468


792598 791618 96.7532467532468
792751 791771 96.7532467532468


372456 484805 96.7889908256881
372673 485022 96.7889908256881


484805 372456 96.7889908256881
485022 372673 96.7889908256881


294166 437184 96.9267139479905
295008 438027 96.9267139479905


437184 294166 96.9267139479905
438027 295008 96.9267139479905


294166 382679 97.0449172576832
295008 383520 97.0449172576832


382679 294166 97.0449172576832
383520 295008 97.0449172576832


525377 525377 97.172236503856
529655 529655 97.172236503856


214510 249628 97.2602739726027
214655 249773 97.2602739726027


249628 214510 97.2602739726027
249773 214655 97.2602739726027


1221654 1232174 97.6190476190476
1221863 1232383 97.6190476190476


1232174 1221654 97.6190476190476
1232383 1221863 97.6190476190476


505367 505367 97.6582278481013
506946 506946 97.6582278481013


1244463 1244463 97.8905472636816
1249487 1249487 97.8905472636816


1322523 1322523 97.9054916985951
1326437 1326437 97.9054916985951


766655 776449 98.0099502487562
766855 776649 98.0099502487562


776449 766655 98.0099502487562
776649 766855 98.0099502487562


477953 477953 98.1753889674682
485022 485022 98.1753889674682


182627 182627 98.2936010037641
186611 186611 98.2936010037641


1215609 1215609 98.5269121813031
1217373 1217373 98.5269121813031


438912 438912 98.5438335809807
442276 442276 98.5438335809807


1123928 1133683 98.5815602836879
1124068 1133823 98.5815602836879


1133683 1123928 98.5815602836879
1133823 1124068 98.5815602836879


795411 795411 98.6582478295186
796677 796677 98.6582478295186


343974 383757 98.6666666666667
344048 383831 98.6666666666667


383757 343974 98.6666666666667
383831 344048 98.6666666666667


294107 294107 98.6735445836404
295463 295463 98.6735445836404


295612 351799 98.7341772151899
295690 351877 98.7341772151899


351799 295612 98.7341772151899
351877 295690 98.7341772151899


623178 631581 98.7654320987654
623744 632147 98.7654320987654


631581 623178 98.7654320987654
632147 623744 98.7654320987654


1271191 1271191 98.7773487773488
1272744 1272744 98.7773487773488


1182961 1182961 98.8165680473373
1186509 1186509 98.8165680473373


799632 805418 99.0011098779134
800532 806318 99.0011098779134


805418 799632 99.0011098779134
806318 800532 99.0011098779134


867848 877689 99.0033222591362
868148 877989 99.0033222591362


877689 867848 99.0033222591362
877989 868148 99.0033222591362


459631 463372 99.4100294985251
459969 463710 99.4100294985251


463372 459631 99.4100294985251
463710 459969 99.4100294985251


930244 948057 99.5305164319249
930456 948269 99.5305164319249


948057 930244 99.5305164319249
948269 930456 99.5305164319249


1122593 1132348 99.6644295302013
1122890 1132645 99.6644295302013


1132348 1122593 99.6644295302013
1132645 1122890 99.6644295302013


929455 947268 99.7118155619597
930148 947961 99.7118155619597


947268 929455 99.7118155619597
947961 930148 99.7118155619597


569262 576525 99.859747545582
570687 577950 99.859747545582


576525 569262 99.859747545582
577950 570687 99.859747545582


2083 2083 100
2794 2794 100


3677 3677 100
6635 6635 100


7857 7857 100
7968 7968 100


8890 8890 100
9175 9175 100


9350 9350 100
9603 9603 100


10046 10046 100
10369 10369 100


10731 10731 100
14433 14433 100


27268 27268 100
27854 27854 100


28410 28410 100
28745 28745 100


28851 28851 100
29650 29650 100


29826 29826 100
30149 30149 100


31358 31358 100
31522 31522 100


41144 41144 100
41270 41270 100


41508 41508 100
41602 41602 100


41910 41910 100
42271 42271 100


42554 42554 100
42714 42714 100


42841 42841 100
43351 43351 100


44518 44518 100
45917 45917 100


47658 47658 100
49392 49392 100


49985 49985 100
50570 50570 100


54961 54961 100
55470 55470 100


57460 57460 100
57499 57499 100


57590 57590 100
57726 57726 100


57838 57838 100
58239 58239 100


58352 58352 100
58428 58428 100


58913 58913 100
59159 59159 100


79300 79300 100
79584 79584 100


89747 89747 100
90394 90394 100


134110 134110 100
134289 134289 100


142663 142663 100
143508 143508 100


143625 143625 100
143802 143802 100


144006 144006 100
144337 144337 100


147578 147578 100
147644 147644 100


159397 159397 100
159466 159466 100


159681 159681 100
159776 159776 100


159869 159869 100
161828 161828 100


172800 172800 100
173124 173124 100


173299 173299 100
173884 173884 100


199233 199233 100
199367 199367 100


205440 205440 100
206356 206356 100


214290 214290 100
214656 214656 100


214836 214836 100
214970 214970 100


223747 223747 100
223951 223951 100


249623 249623 100
249773 249773 100


251563 251563 100
255950 255950 100


256070 256070 100
257937 257937 100


258119 258119 100
258850 258850 100


258937 258937 100
259062 259062 100


272652 272652 100
273370 273370 100


274314 274314 100
274621 274621 100


274823 274823 100
274904 274904 100


275290 275290 100
275866 275866 100


277831 277831 100
277977 277977 100


278144 278144 100
278218 278218 100


278382 278382 100
279208 279208 100


283274 283274 100
283394 283394 100


286517 286517 100
287475 287475 100


288033 288033 100
288288 288288 100


291167 291167 100
293041 293041 100


295612 295612 100
296241 296241 100


328303 328303 100
329921 329921 100


330037 330037 100
331951 331951 100


372456 372456 100
372673 372673 100


382625 382625 100
383831 383831 100


384097 384097 100
387539 387539 100


387671 387671 100
388139 388139 100


390818 390818 100
391309 391309 100


393979 393979 100
395634 395634 100


410609 410609 100
413803 413803 100


413896 413896 100
414253 414253 100


437127 437127 100
438626 438626 100


444818 444818 100
448350 448350 100


450480 450480 100
450619 450619 100


459539 459539 100
459969 459969 100


463372 463372 100
463740 463740 100


473257 473257 100
475111 475111 100


476210 476210 100
477735 477735 100


486088 486088 100
487591 487591 100


487746 487746 100
488268 488268 100


511689 511689 100
511812 511812 100


533067 533067 100
534162 534162 100


534297 534297 100
534568 534568 100


539483 539483 100
540156 540156 100


540292 540292 100
540622 540622 100


548026 548026 100
548709 548709 100


551046 551046 100
551484 551484 100


552262 552262 100
553205 553205 100


556700 556700 100
556807 556807 100


557062 557062 100
557665 557665 100


557918 557918 100
558459 558459 100


558606 558606 100
559638 559638 100


569262 569262 100
570698 570698 100


607388 607388 100
607497 607497 100


623178 623178 100
623797 623797 100


628911 628911 100
628978 628978 100


631581 631581 100
632147 632147 100


638665 638665 100
638890 638890 100


640508 640508 100
641513 641513 100


645050 645050 100
645193 645193 100


646371 646371 100
647315 647315 100


647456 647456 100
648328 648328 100


651027 651027 100
651756 651756 100


656059 656059 100
656393 656393 100


665741 665741 100
671487 671487 100


685073 685073 100
685639 685639 100


691382 691382 100
691690 691690 100


696869 696869 100
697450 697450 100


699403 699403 100
699923 699923 100


713101 713101 100
713604 713604 100


763083 763083 100
763333 763333 100


763610 763610 100
763796 763796 100


764067 764067 100
764511 764511 100


764774 764774 100
764895 764895 100


766655 766655 100
766958 766958 100


776449 776449 100
776649 776649 100


789898 789898 100
790583 790583 100


791618 791618 100
792077 792077 100


792596 792596 100
792840 792840 100


794646 794646 100
794822 794822 100


797025 797025 100
797168 797168 100


797366 797366 100
797850 797850 100


798112 798112 100
799435 799435 100


799553 799553 100
800532 800532 100


805418 805418 100
806328 806328 100


808554 808554 100
809015 809015 100


811913 811913 100
812879 812879 100


813190 813190 100
813438 813438 100


855073 855073 100
855417 855417 100


855710 855710 100
855890 855890 100


855976 855976 100
856169 856169 100


857005 857005 100
857134 857134 100


867848 867848 100
868148 868148 100


877650 877650 100
877989 877989 100


885527 885527 100
886246 886246 100


889993 889993 100
890124 890124 100


891272 891272 100
891336 891336 100


893806 893806 100
894560 894560 100


922133 922133 100
922347 922347 100


929455 929455 100
930148 930148 100


930244 930244 100
930456 930456 100


936768 941435 100
937342 942009 100


936768 936768 100
937342 937342 100


941435 941435 100
942009 942009 100


941435 936768 100
942009 937342 100


947190 947190 100
947961 947961 100


948057 948057 100
948269 948269 100


957137 957137 100
957298 957298 100


957435 957435 100
957594 957594 100


979416 979416 100
979972 979972 100


981400 981400 100
982474 982474 100


982569 982569 100
984652 984652 100


984938 984938 100
985262 985262 100


987362 987362 100
988640 988640 100


989317 989317 100
989413 989413 100


1008686 1008686 100
1011291 1011291 100


1018250 1018250 100
1018918 1018918 100


1031108 1031108 100
1031458 1031458 100


1044185 1044185 100
1044395 1044395 100


1045154 1045154 100
1045308 1045308 100


1045681 1045681 100
1046014 1046014 100


1046152 1046152 100
1046244 1046244 100


1046391 1046391 100
1046694 1046694 100


1046873 1046873 100
1047171 1047171 100


1048227 1048227 100
1048332 1048332 100


1048542 1048542 100
1048627 1048627 100


1063503 1063503 100
